,P,Q
2021,-11.572996968909507,3
3951,2.787026962261992,2
3341,3.2420668943154283,1
799,6.7770658155751295,2
6495,7.813366155150593,2
5426,2.0947355249300452,1
5640,-6.823164853627437,0
5399,-0.7544268590419914,3
7960,7.176239956034404,1
9913,1.6862417871140996,1
428,3.702834362948739,1
8772,3.313961670876207,2
4463,3.8247198418350354,1
7735,0.6183041019304967,1
6218,7.7236390272113,1
7972,-4.213285278969573,0
9530,2.7195169315485836,0
7489,-2.001959194207715,1
5027,10.822511919191713,1
6833,-13.181106013991535,3
8926,11.381114113256547,3
8223,2.243021835455659,1
9861,-3.2068696830499754,1
7955,11.709565963853436,2
5999,4.781384059431351,1
7652,8.36310039626131,1
8120,6.9800968970773685,2
1617,5.752740914732769,2
4603,1.5948813890827565,1
5863,2.9434537582810516,3
3305,4.765687580045853,2
6235,4.521699349602723,1
3740,-0.7689939239868512,1
2582,3.7047975381758276,1
2788,14.916486299554169,1
8649,-8.82391631010391,3
5829,6.866950045561761,3
3571,-3.3087477817266766,2
8291,13.385609342520612,1
4469,1.9917255997616703,3
2770,-5.3207256626626815,2
8777,1.2227360300828274,2
256,0.21244056652532528,1
2334,2.963236339090732,1
604,-3.8562194985618756,3
4562,2.5455042990033467,3
8903,9.668193803858927,2
2002,-3.44684346698845,2
4512,2.1013581060432003,3
9413,15.425041380240675,1
4926,-7.1637489592058206,2
8595,-8.583511298250844,1
3612,3.0098000757125614,2
1483,3.6883353108032266,0
6099,3.2300311879377928,0
7543,3.15541165239522,1
5814,5.269907706779899,1
2614,5.254355806252306,2
2846,-7.145709291405377,3
6936,3.603738322501185,1
3155,-4.719499465323117,1
3150,0.17428319403831338,0
6179,-2.039000055186088,3
4679,9.721793764716455,1
1157,1.8075766606480526,1
995,13.824447072353369,1
1964,-8.900853765193979,2
9792,-7.920088875068529,0
3821,4.537488358292513,1
8009,2.7571763382597707,2
6060,-8.652955599375218,1
4730,-7.832395104394685,2
6432,-1.5652530367128343,2
4776,1.7208844449874126,2
2154,15.52459694254473,1
1083,5.821015742702558,2
3313,4.101549509643828,1
53,-2.7812876553303467,2
6643,7.895644797933831,2
8658,-7.520414509682211,1
8927,4.794144077682652,3
4647,5.935538987811054,1
3916,0.01652877976764011,0
5474,3.6768579773095555,1
3882,3.3503975949156626,1
4789,1.4205166243305747,2
7166,9.652612259764412,1
4258,-9.297590243507308,0
8521,-1.742750526043538,2
7255,5.941111491911627,3
75,0.7416846712029507,1
8708,7.497771509892298,3
1121,1.6565420628974676,1
7667,-7.515554370695904,1
7225,5.341814195544751,1
3860,-5.401200492713704,3
367,-5.780840469395151,1
9850,12.241115522584616,2
1041,5.112249902459668,2
4384,-4.427212400446657,1
92,-7.248111556792948,2
3154,5.686765911384929,2
501,-7.06184753942701,2
1204,2.1350503594964048,1
949,3.069767897261641,0
3761,-6.010630920111211,2
291,9.830497050375284,2
9678,4.520107525935245,3
8102,-8.556678085044915,1
1851,-4.291623815470749,1
9751,5.825935099206709,1
905,6.845792011341388,1
6349,-6.454068979645729,1
4064,2.9285940023473604,1
5702,-2.441855145921853,1
7552,-7.258196494977268,2
1329,4.815103366902755,1
8489,-1.44870184423412,2
3232,-7.761698040456569,1
8930,4.90119291510626,0
1836,3.6099920808953163,0
534,5.81270659281575,2
4480,-6.9934306884881146,2
5762,16.842598982159213,0
4915,-2.963143760112848,0
5920,1.8019116037383098,3
1089,4.5443728818543905,1
194,12.541315493146909,2
9543,10.455317977730951,2
5817,-5.597888992198393,1
8199,7.24001363385894,3
8596,-2.8392569157106013,3
7141,0.4134026414305825,1
455,7.234947337498177,3
3596,8.772039524430166,1
7639,3.840168764614824,2
4875,0.8041690427359518,2
3755,0.6660257911659022,1
639,-2.6509782661443526,2
5135,-0.6197381583955854,2
7006,1.9511768272975119,2
5932,-4.263745596166687,1
5191,7.799599697707297,0
5298,-7.978559804157049,3
3053,-8.015570681647883,0
3411,-5.77773689166638,1
4901,-7.99229277949148,1
1840,-5.080685044720698,2
2315,2.5268233635257653,1
4482,6.929255092731825,1
9320,9.959837619114033,0
6811,11.589259709170015,3
52,5.101828787242334,0
7312,-2.1535336263449256,1
997,1.2506829326390865,2
4400,-8.303435338733284,1
2441,-10.452702544039512,2
8284,-1.5641722746308313,0
6257,0.9898832565810568,2
4953,-4.3772280204045195,0
4499,-7.576276126323313,0
965,9.271510406234686,1
1155,-1.718142472683643,2
5611,-7.322365332043217,3
9099,2.7338945622177415,1
5347,0.16427785923133875,2
6174,2.9706980697663132,2
7178,1.700474944379592,2
4106,5.836975927033587,1
609,0.8753764591667135,2
4833,6.581112155764876,1
1581,-6.0902232973562604,1
7301,4.720880974683381,3
6194,-8.80486721438437,1
957,2.0129813357657493,1
1195,-14.29699140756868,2
329,-5.419076910766734,3
172,-7.470266976560236,0
2578,-0.4408791493591624,2
7306,12.537138155118727,1
8039,2.842778030272676,1
9973,-5.111445620849246,2
7124,2.0219899688974325,1
6278,-3.168892622478963,1
652,6.091733817664692,2
3996,-6.36387962273455,2
5689,-5.68223398840683,3
4516,1.1901212600646986,1
2681,9.47033717119833,2
5355,5.053634063607666,2
8551,-1.967698601089241,2
6130,-7.170734797115664,1
3112,4.257454560038709,3
3218,10.075130865921167,3
8953,1.4532111733555118,2
7229,-6.624771498602245,2
6586,-3.8391850689385842,2
4640,-6.652603401888583,1
6271,3.50596114515898,2
7845,5.8978446411154755,2
6980,12.948557572587948,1
4535,8.759432315434653,3
7980,-3.572814633876905,1
176,-8.245843299387255,1
8053,5.711336861415364,2
3276,9.134339597503647,2
4030,-2.0576091574329136,1
8304,4.342696719481986,1
1722,0.6215363851714624,1
5389,1.1658805603256681,2
5488,2.5409712764139,2
4872,2.1582215612210742,2
9118,-5.729021462071372,2
8840,6.162884589980585,2
5886,14.218369711150036,3
6261,8.89529403830367,2
7816,-1.3719685641012938,2
8536,-4.5802135173567775,0
6155,-1.0460364368484005,1
2842,-1.837351704191959,1
4066,-10.113260828921625,0
2041,7.370292689527724,1
7696,0.09184404704242022,2
549,-5.066424606331967,3
2726,-10.484384456918686,1
8507,3.1142280462148064,1
6966,3.9641314117353117,2
4100,3.4758147835776563,2
1257,-1.6841145724319004,2
5579,0.8235455411989672,1
5436,-6.87520546591509,1
1258,-5.1788025254627055,2
7383,3.192831756480635,1
6544,-11.167390211042747,1
1285,4.160188257954081,1
7527,14.492663495685225,2
6492,10.186159460677393,1
5574,-4.676829453611745,2
9480,-3.237128527798416,2
2494,10.51735489307241,2
1621,-4.02691803749946,0
320,-1.8468324790658903,2
3806,24.696631135939686,3
7827,12.454083471114165,2
5990,5.82834730674519,3
3063,1.9456526112280903,2
9822,-6.360086443606818,2
8696,0.4332541264618004,2
1224,5.656096248886583,1
2721,-0.13736243675323223,2
6209,-7.0931225443878105,2
855,5.908969357548778,2
5402,0.12231228239233527,0
7882,3.98749813946933,2
6031,2.6760716159482336,1
9745,4.561468131260872,0
9945,-8.054300957646213,2
2549,5.658957358225052,1
9356,11.179833723305203,1
9276,-2.329711998449201,1
7690,-5.953462609917687,2
5672,5.136680930460758,2
831,3.9692176724842776,2
6411,12.313189464874757,1
8511,7.390459574999087,1
6479,-2.188078837579595,1
1201,-0.04034803170674839,1
2572,-4.209050373288353,1
6341,-5.035276218579179,0
5700,17.66977307500982,2
9052,4.73923931480695,2
2387,0.07900218485995847,1
1939,-3.9686158317863747,2
7692,11.447125768486533,3
1479,-2.558518352824332,1
9203,5.533487422686627,1
3968,4.2718487094427875,2
7825,3.742966191798431,1
3696,6.484175362272852,1
2096,3.639654060293025,1
9208,6.876854045767249,0
9091,0.9891431942408023,3
6915,-4.0591536971802045,3
6406,-2.657884867071463,1
4045,7.0019699822186166,2
5407,1.647954687026787,2
9933,12.311165940504,0
9161,-7.294376449138656,1
7727,-3.5893774924841155,2
6817,-1.5958617767118952,2
3243,4.558404109683968,2
2562,-8.115589636714077,0
7594,-4.1854134765801545,2
2058,6.958517290570241,1
808,7.6704433961439324,2
1022,2.6696293229391412,2
3161,0.25226345804296946,1
8576,9.219894266863005,2
7701,-0.3874445496490999,2
5974,-2.6957714991266144,3
4913,-4.091984461469435,1
5025,5.073248436166722,2
2372,-9.098053472522583,1
2963,3.1019549269830202,1
8974,8.644142755821989,2
530,-6.3388955149819495,1
2017,-7.532282139976298,2
7637,-7.582357757510547,0
6888,4.155183078443351,3
2813,-5.713502084710902,1
567,0.7214851262583917,3
8787,-8.697190463453502,1
9867,12.390899995024299,1
5053,-0.6724217852050738,2
9577,-3.891555030597042,3
6562,-6.001444269579693,1
9962,-4.700721664969588,3
2064,3.18602833899294,0
8080,-10.110916666848718,1
3804,6.1570633865065245,1
9590,-5.548402968749469,1
2922,2.1274364003458195,1
7118,-3.140342084589136,2
5682,4.609251934508479,2
2320,-8.256176625319025,2
8898,3.4052489914596467,0
9581,-10.914792490075493,3
3236,1.9344899313021913,3
640,11.490490405139418,2
8656,-0.5316675366680342,1
9344,-3.6982014685093727,3
9766,-0.38676394514217605,2
5033,-1.0244696392933133,2
4093,3.797573237455658,1
4136,-9.872157646658897,0
8823,-6.697263553426881,1
801,-2.5511861368118436,0
5948,4.474048830260259,2
5158,-10.53776734402756,1
9532,3.3138596105252334,1
3398,-0.11772026242254896,1
5897,4.803323667488532,1
4918,4.622950137235799,2
166,6.383231009522016,1
7430,-7.634050329459375,2
3286,-0.5012060422290108,2
2178,-5.843423308675466,1
4607,1.6537014065897488,0
521,-5.2682936629375074,0
7984,-5.562806217848447,0
4252,-4.0923562688224875,1
1842,-1.2467729173610411,1
3777,2.832294803335417,2
3836,15.20692460737472,1
9292,-4.918939254194248,3
9194,-2.9056249492762323,2
1159,6.937910648078363,2
5807,5.056207887185249,3
4681,-6.9907577740797615,2
3568,11.270926362240614,1
8968,9.323049879416775,1
8714,0.14439134903511008,3
6316,-2.6667932818301856,1
4803,7.338308766220607,1
2356,-8.776435937127436,1
8132,5.964818842122305,2
6098,16.45914771580541,1
213,9.472300648949872,1
1176,-4.750223331941879,1
8944,-4.420619815369952,0
1286,-1.5757851946690717,2
7762,-4.486348923437057,2
2753,-6.615719928917455,2
3012,4.876246007389778,1
5296,-3.4363066567143417,1
1118,-3.8690971143867636,2
3106,-5.38236095384591,2
5462,0.693357562395079,2
2880,-4.773615808818231,2
2035,-5.095492212619668,1
6489,-9.631228825748169,2
180,-1.572488955478475,2
1374,1.9191495476788167,0
939,4.492887634557186,1
1441,-4.553706138620724,2
2828,14.237607092345852,2
5608,12.527659098005671,2
6366,1.9759596743864218,1
6070,14.405593198608447,1
2812,-5.602010965080892,2
1435,-3.1156475729470405,1
7751,-7.938410638579818,0
8154,-1.9092345045092745,1
1078,2.904677482035545,0
6828,-2.7108166581427993,2
2226,13.742581405347847,2
2227,7.79914108222531,1
4215,-0.341190143877411,0
787,4.189662894441969,2
79,3.4430594664625103,1
9186,11.605444338297316,2
4648,12.892473473344587,2
85,-9.840839565996232,1
535,8.407934916110877,1
1140,-4.99710635787442,1
4377,9.057149313461352,1
9583,2.2849238602089597,2
4576,13.03698497252197,0
4388,-3.3246207794340847,2
7666,3.59454470280601,2
8949,-3.4906123538915765,1
8016,-5.972133094283901,2
1274,-3.966284857703034,2
8346,-2.0520405504179595,1
495,7.708879750744037,1
888,-4.806363789711896,2
7518,3.229766881132757,2
7216,15.737320131294071,2
6555,-9.474916002351362,0
5385,1.2417004861292547,1
9310,8.233005563632323,1
1049,11.19534875799561,2
8958,0.26974896838813134,1
18,-1.7813934690280138,2
3214,-7.810622437463374,3
4382,9.854423167462409,0
4867,7.681455397326776,3
1571,10.28045297395483,2
7869,-0.058413946941858086,2
5665,12.505611482148732,2
7356,3.3591484754372885,2
7167,20.24822008664494,2
3123,2.13200391519993,1
6211,3.0408482074994683,2
3509,12.01442926452075,2
1568,-1.2523772845241559,2
8040,9.361502238431697,3
3353,-8.81545957904078,0
7362,-9.66933362037705,1
4615,6.6626906293595365,2
6041,12.117212447685132,1
1126,-6.762331599833411,2
8000,-4.388077286398452,2
573,0.6380396567932438,2
3267,-9.498581823701796,3
9494,-1.073854540839886,1
7351,0.7722882078296783,1
4781,-0.29990955058316315,2
8428,-5.166325381823784,0
5271,9.024686967822475,3
6741,-1.826784411710447,3
1501,-2.823312140087512,1
8844,5.208087999060056,1
3315,6.89142386612879,1
687,-4.8789536267352664,1
629,-1.3481536541161598,2
4944,-6.429820715590052,1
4337,-5.646924785805609,2
5214,3.316594660168252,0
4621,2.7079143292392285,2
5958,-5.1296571045665456,1
4664,5.622769063752931,2
585,-2.8715958262529138,3
6188,6.760357526248905,1
8052,5.964435657012675,1
6065,-5.789609300131971,1
8038,-1.9482613262575452,2
7856,4.916084849396623,1
7799,4.185800326126369,0
6180,2.163881523310515,2
1666,16.79409475837717,0
4742,3.72774105009775,2
3195,-7.2364529328846645,0
2515,0.025798926105666364,0
7274,6.746602131160311,2
2506,-6.585739984374735,1
6829,-6.517357156693552,1
2396,8.380501249950896,2
6798,3.419156782837884,1
433,-4.123986863600088,1
2956,7.274405297106946,1
7009,1.960196055026839,2
9489,-7.828419920653724,2
6089,-7.688334414254981,1
9395,4.504204597263993,3
1867,10.937722783781675,0
7764,18.993160622131814,1
724,-5.723166034387187,2
9448,12.989347102360767,1
8815,13.093001375097897,1
1974,2.4437989801319766,1
6520,-6.829903376386509,1
6264,-6.431072285602609,2
1304,0.24321235043272904,1
2234,10.853232812364276,1
8337,8.049019085561772,0
8921,4.26937379480171,2
8310,8.084925691945571,2
3410,-5.306278383154867,2
4,14.988709529690231,2
5646,8.481100646828992,0
3729,-0.8860359971663809,1
8198,0.5009808083488128,1
6532,5.714191111954744,1
582,-4.933102498827737,1
9645,-5.241282742705624,3
875,5.552992916484786,2
1473,-0.45743371435046365,1
4408,-0.17536674347476566,2
3651,-4.211087546755204,1
6778,-1.3597858320799487,1
9918,7.101292331591692,1
7474,-6.008600481516305,0
6633,-4.6422341513046215,1
8110,-9.949056514087882,1
1693,-0.7043607342972109,1
9830,3.472209912914264,2
5614,4.8047501798632055,1
8698,6.869076278603329,3
3310,1.9091057148987018,2
812,-0.25259275955908134,1
1264,10.001210591106938,2
6172,-7.601087087937895,1
892,5.370869457801752,0
6080,-10.14621947358362,3
1726,12.161019864497936,2
5759,15.693464263722724,2
7988,0.44704610816172474,2
9791,8.212356534625384,3
3443,5.266336386315357,2
5316,3.119018004540746,3
8942,-3.036604931614319,3
2401,-4.442774473422096,1
5336,2.1669278039913813,0
5155,-0.5401901978913739,1
8101,-4.920819904162341,2
1695,2.218630353383115,3
6439,-2.1518806512370565,3
4503,10.345381706519312,2
5371,5.107967720829211,1
8124,-6.738516648029601,3
852,-1.1269357817182089,2
5843,-8.81364440904059,0
9352,-4.220221735998946,0
3130,-7.035035564526275,2
4226,-1.6086807397139653,1
2875,7.578457334311027,3
2962,-7.6151000809152825,1
1929,7.203522880050606,2
8174,-0.9847903136892447,0
2719,13.065309906324245,1
7492,2.0408587549025743,1
5122,8.380174498040278,1
7032,1.663054113994404,1
8345,3.824733017431993,1
5784,0.36882327412592364,1
5478,3.637272405970838,0
8817,12.066290993496487,1
8342,1.7961479928645545,1
5954,2.0248250945340303,2
7876,-3.4127196605049988,1
6436,-6.391679884124697,1
1788,4.837458584224601,2
9251,3.682472886546364,1
7724,2.4478725246373014,2
6391,5.03153732768242,2
854,-4.171314744360486,2
6498,-6.884590997934748,0
3721,-1.0267130904255835,1
6879,6.3522068702352765,0
971,5.5892138847493875,1
9758,-7.862206001804961,1
2628,4.953779990005227,1
6273,-4.916418627349776,1
5368,0.8294440277373152,0
6148,15.765805317701957,2
7730,5.023237522981712,1
6120,5.638416830397693,2
9734,2.0784812813540294,2
6540,9.54335407337353,0
2094,4.669458660776863,1
44,-2.4202532275453192,2
9591,-1.8030294125544575,3
3272,13.446619221277736,2
4417,3.251150176661853,3
3663,9.544733430014624,2
2966,4.220425338719153,3
1544,-7.967089215933674,1
4813,-0.194003248672721,2
6122,0.8325868379378834,3
4914,6.326543206147251,2
494,4.404186441389595,1
9966,12.39363511637963,2
9181,-7.750037413026035,1
6793,-5.682792638965136,1
668,2.5907682445866937,3
145,-2.813787557086216,2
2005,8.89856994053782,1
5410,6.451317609833911,1
4275,-1.5421511224485713,1
9793,-7.828649138437697,1
1133,-0.8093853002234881,1
7157,12.305429091609836,1
531,8.13329835733247,1
3423,-7.318465633521331,0
4218,-3.5030421918560317,1
5076,11.054005941150754,1
555,-7.840679642323317,1
4402,10.531594365919219,2
4573,-5.551767411296374,3
795,-6.553073943842721,2
3055,-6.30330079913826,1
8919,9.150966578773929,1
1593,0.3303153206719036,1
3143,-6.2250731423949945,2
6985,7.672975199391495,2
9074,9.961033979223782,2
9121,-5.879192056722696,2
3343,-3.0167537657998356,2
7682,2.274607346030575,1
8046,3.8300704292160432,2
6992,-0.4845689656133467,2
8436,4.202716355772004,1
5200,-9.345635596334489,2
2495,-0.7504368799177095,3
2761,-0.4667797995089773,2
5957,-4.286044262707561,2
7817,-0.6042364941227523,2
3993,6.6464338954314695,1
856,-8.88834868648424,1
8248,4.3609839288500485,2
9129,-6.23003191859084,1
4884,-6.3727416698420285,1
1423,-9.683924625967208,2
140,3.0289767975456665,1
5571,-4.20147353053016,2
1612,0.1312763885574295,1
7122,-7.418310923860043,2
2430,0.793511965747335,2
9122,16.995681268482368,1
6564,10.542881500744283,3
9187,10.432055228374706,2
8107,-9.84734682780564,1
8390,-4.57609045511246,1
5367,3.8371926323549284,2
7574,6.376400222589722,2
302,6.767584543431627,0
6525,-8.001323277368254,2
7066,-0.8401260126587662,3
8512,10.328598374368058,2
6551,-1.291313070245777,3
1390,9.020919729095148,0
1760,6.648393994958095,1
3707,13.19059958834158,2
7529,9.849839842054422,2
1163,10.868326867017423,0
8262,-9.234466463009882,2
6015,-7.378108500376767,1
1132,6.888655307846676,2
6859,-3.3514160770627317,2
1248,7.697670372490811,0
171,-5.430413738511804,1
778,0.3509520993431199,2
2304,-4.045912548707076,2
7803,-0.017346937133483897,2
6189,-7.0335273435863215,1
8899,9.292773082824697,2
12,14.276335318887359,2
2493,1.9891031843596254,2
31,-6.457427989710806,0
2899,6.965561609438417,2
2379,8.926963032821487,2
3266,6.2752107535436945,3
6964,4.3825194778437835,1
1243,-8.538947115688496,1
6334,-3.719131679803393,1
6077,-3.9439709761099584,1
5038,-3.4856189353117584,1
9803,-3.3153901225950277,1
4711,-1.0804563927148243,2
8584,-4.740771021213092,1
345,-0.5496004287710394,2
5946,2.7145355788653576,0
8210,2.7917008496545623,3
1062,7.107646975216121,2
7588,-4.482668984818579,1
6240,8.70432162493345,2
5215,9.316560020395839,3
8860,-5.074281725974983,2
2185,5.030863183182925,1
6421,9.254727110975546,2
6776,-2.6873557786485724,1
915,11.406815583116922,0
2135,5.249241978888866,3
4331,7.028724805090642,2
6137,-5.367015608709678,1
6363,3.885272482254561,2
9928,10.82879793039847,0
136,13.843308779101596,1
6156,-7.212005044380106,2
772,-6.771670340526614,0
5504,1.0745994656507396,1
9084,6.526555059381758,2
8281,-7.419169263699235,1
7685,4.6125918971714945,3
9411,-4.364132134017259,1
1031,2.1961306652936115,3
8728,6.045783476553743,2
1283,2.9922733784621647,1
951,-9.028843643081567,1
6869,7.818713450514911,2
3347,-3.9077885438402804,1
4235,7.7915433960715745,2
7786,10.664244429404032,1
919,7.3876167530799615,2
5331,8.497486481376093,2
9041,-5.067278451197724,2
6896,3.815008657987544,3
2193,10.415987875016185,2
4639,4.724636757422548,3
6990,-6.084198443907349,0
6714,-1.5913854075528495,0
9807,6.762880519480577,3
9643,3.9754590865855457,1
5212,5.781810483107451,1
6630,3.5801957877416095,2
5673,6.530491075473915,2
5705,-7.6171974239453855,1
1606,-6.191464729565277,1
9305,-7.780919048844048,1
4188,2.8027100801099247,1
2860,0.8496115224817067,1
5168,3.9534961799279125,2
21,-7.749506370239222,0
444,-0.6969526624537261,1
5233,5.0331538111820295,1
6752,-9.550203336869572,3
2522,3.979981989355606,2
878,-6.235865864726289,3
1072,-5.844635520468827,1
196,-1.9851518793209635,1
7602,-8.379487560491711,2
6878,7.6703317517610845,2
410,-6.644868111980925,2
318,6.740732126266741,1
6280,2.560135157956429,1
5311,7.822868105491678,1
3891,-2.929808760593118,1
5583,-6.635607269993756,2
4169,1.2063401431918859,1
8807,5.075505847678566,1
6576,2.034204851357325,2
3933,1.1294068123744476,0
1660,-5.754103772880827,1
7959,7.490154781155768,2
5769,-6.618776851853045,3
1614,-3.7710631534415433,2
2082,3.75944345511028,1
3733,-7.095313430633738,1
7580,-0.9356554259423406,1
5455,9.084707649808513,2
4084,1.0829199189482426,1
3307,5.652336159948586,0
8019,1.2033921830691816,0
6983,-6.969985742608545,0
4810,-3.4692060012278927,3
1522,4.737326810952014,1
2164,-1.362307275819394,3
9394,2.222656831598046,1
3845,4.339831039806642,2
5178,-7.486586043929817,1
4527,2.4851114065338082,2
3401,2.1414727364460853,2
1960,-5.04948259880417,2
2877,14.316087398315535,2
2768,13.343452166643416,2
5795,-5.6391201140447595,1
8754,2.164455709146415,2
1540,-3.4663539500675706,2
9549,-7.895811650039326,1
2622,-6.491986005302239,1
356,-5.76800708064037,1
9245,0.2714312306618567,2
4917,2.965433989049765,1
1115,-6.954187079466291,2
3322,8.764423195130377,1
5782,-7.421750579908627,1
968,11.293969366588993,3
1678,-3.0650059983978215,3
7684,1.6283215699574618,0
6530,-9.145530177092677,2
6982,4.831479556694834,1
5328,-2.0527098289865378,2
1112,13.361120095940265,2
6207,-6.692355776566871,2
5835,4.620872958307165,1
7646,4.263098684367874,2
2581,1.7990401890610141,2
8920,5.56287071372857,0
418,-1.5077473153505228,1
7560,9.043838172387307,1
8498,0.8589052073679859,3
1313,-3.6004256774965224,2
5294,9.657185999583998,1
8895,0.27349263074887076,1
7917,-3.1216354409959925,1
4251,-9.558309162472247,1
5597,5.975947853418512,1
8791,4.205061738038348,3
9278,-0.19436038535139755,3
8923,4.117899927782495,2
484,-3.1255803475852333,2
77,2.9199121209034953,2
3546,-2.623890446294247,1
4676,2.625555879388092,0
6197,0.031908438749019385,2
7253,-3.12583694145106,2
6229,-4.376057130284802,2
8348,-3.415450031526715,2
8956,10.286994546546415,2
9794,-5.692760083317619,2
7813,-0.3691708870897983,2
7268,-5.368764804289327,0
1655,-4.843955140132306,3
4605,-7.593362623873956,2
4611,-5.0262776414117525,2
5342,4.90866152817895,3
1397,3.6314167015420358,1
373,6.245776092312778,3
2368,7.421988920083917,2
3880,5.306857816548307,2
1327,4.4752314465050755,1
7018,3.7056298461274584,3
967,-9.642182187786869,2
7291,-9.64018329502641,2
9363,-8.254003162633543,0
5045,-6.358943662879229,0
7170,6.2725351196047425,2
5644,4.76120061955029,2
8965,-6.525703919302698,2
502,7.0545526814956885,2
8388,3.0144010397576224,1
3758,13.066432953140822,2
3187,-4.493536886998244,2
8372,-2.5289496638812285,1
6861,-7.370151894134746,1
4205,5.541743684122558,2
6043,4.482109421536747,3
2220,2.549903896303045,2
4208,9.998073329749005,1
6468,6.305728519854009,2
7015,7.841359045201865,2
4669,-7.338238995598832,3
4578,13.27098726310507,2
8541,13.623284500569781,3
7883,-5.114214679497927,2
8680,6.794066371963175,2
9388,5.538513823490612,2
1364,-5.0401734086348915,1
889,-7.839635118251188,1
1864,-5.661945968161042,1
1742,2.331622684205401,1
8893,5.963531735897632,2
4145,-9.690655554876587,1
6602,-4.934133965033531,2
8146,3.0416832459388203,1
5241,6.308366910712049,1
6354,2.205392533714006,3
9901,-6.446627517699487,2
6567,0.8802354402429056,1
4549,2.8849423397847698,3
3871,4.785401710587928,2
1718,14.155848639377565,3
465,-2.0541185407511207,3
414,8.140910486884735,0
5918,1.9447947779858392,2
9818,6.016195155891657,1
9436,-1.5001804519162834,2
2024,4.733024245192195,2
1652,-3.2598205956792397,3
9260,8.433421440724626,2
5447,1.3916367700834658,2
4099,-5.321823319313822,1
6599,3.3619151576808646,2
4873,-7.449588226535692,1
1210,-3.7185218910672875,2
4164,5.096042584208133,2
5310,2.348999571550962,2
5280,-0.917948829328604,2
8300,-0.4117722891129061,2
4063,-6.905510707225082,1
2560,-7.16887272402366,2
6142,0.7282596302488944,2
2458,-0.07161966935050468,0
348,6.726348197005063,3
8824,-2.559181364184477,1
3676,5.602073607885854,1
3084,-8.08466968844516,2
8204,3.9410704221831616,1
8562,1.3527335207607882,0
3201,-8.658621924115797,2
760,0.9560639982037862,2
8057,5.469717287171238,2
5020,0.610111888254476,1
5291,7.573594686656279,2
4651,0.30384836464054654,2
9958,0.23022977161881109,2
8724,0.35893889648300203,2
7870,-2.7353908164181675,1
5163,-4.771390474152438,1
9487,-0.5180504012945089,1
7906,-2.613532943526841,1
1297,7.047595830140704,1
5005,-5.831638115036215,3
2056,2.828467835108273,3
122,0.18570308289640014,1
9999,-7.201865529330998,3
6153,-5.751259936814575,0
7627,-1.3947789262711394,1
7812,-3.6118444377493946,2
8169,4.665289805134282,2
3598,11.976019647863769,2
7188,-3.3945555674544527,3
2301,4.237605586139895,2
4677,-2.7363381717418305,1
5198,5.328860850276319,1
2730,2.767867474985266,1
5736,3.054778737901633,2
164,-3.2400330420274326,1
2175,-1.9085316077387433,2
7053,2.7000297421236588,1
789,1.441030878701521,3
4199,1.3654007687021927,0
8438,-4.544424219285045,2
1287,5.718104246636464,1
6605,15.505138538144404,2
3834,9.77174914253257,1
185,-1.2485325608945006,2
7047,-4.641970779257668,2
1449,-2.903151866437626,1
3658,-4.745555103094406,0
6296,-2.1618424219896832,0
631,4.69274404301782,1
3932,10.187694335163055,3
1610,3.5479766971486253,3
6027,-1.0568298354134917,2
6814,3.8414987850534326,1
5616,9.956530758053416,2
4506,-0.2637081236775458,2
3256,2.0126141016150263,3
4081,-4.7120776805959474,0
1291,-3.4097829653780014,1
7414,9.268059932526938,2
6444,5.803773433656298,3
3515,-6.5000128074162475,1
723,10.222559399147315,1
9552,-5.764057278463808,1
7734,5.058913142348142,3
1237,2.1625577733841133,2
2982,-6.306332226641455,0
9461,2.0289766815441093,2
226,1.3879529280317433,1
6940,2.4863047388720547,1
2901,3.119509852413386,0
1381,-4.93901113351383,3
2525,2.817828686638987,1
3784,-2.8010869809901986,1
7221,-4.536285479655371,2
54,-5.921201722123341,1
7333,1.5255246522346704,2
6008,-1.8587650561928706,1
8322,8.603000715046797,2
2204,-2.3141003602400856,0
9996,-3.097959300285793,3
3985,0.6572030887892655,2
7263,2.815884423988971,1
8208,5.441876387139093,1
2755,5.956923652860115,3
4655,-6.162131237003997,1
777,1.3008396858597262,1
7296,3.0862005658503664,2
3626,2.0670437955623466,3
4912,4.455321415397149,1
6989,-4.03477643708533,1
2192,18.683897197284082,2
5658,-1.8288201433187612,1
3839,-7.414181343402543,1
2829,2.4389691377173572,1
3402,-4.5190777804206395,1
9460,5.8447186487925835,2
1150,-8.246916021723994,2
4379,7.93640685767254,1
4407,-3.150540181752224,2
3308,2.429014264567566,2
3127,11.318185715955714,2
9798,0.8262818368188665,1
3697,11.864499942685432,2
5018,-3.8176402089646264,2
6922,5.001394421739388,1
5211,-1.182820734529736,1
5534,-0.6832240291977483,2
8721,-4.923908337510775,0
4862,8.167571903511595,1
7299,-8.994050116680883,3
529,3.2539338892662153,3
9185,10.9205940849426,3
9934,-0.7761252088961137,0
2302,-7.247571391174191,2
6294,-5.6146739197682285,2
2505,1.7051912501324082,2
6868,9.021197460858062,0
2464,7.589246762342487,1
3348,8.614663248490336,0
7675,1.7847462096629185,3
5969,5.0786119265839105,2
2711,2.3299045063985395,0
8165,4.78709775499679,2
605,6.268057735890328,1
8733,0.829567634181368,1
6656,1.3183748763003031,1
3104,0.942222987536337,0
8788,-4.363157226896918,1
2763,6.234236488979295,2
1768,0.725849240995764,2
7008,-9.397611364347018,2
9290,5.214232085746895,1
7665,-5.516265759006861,2
1377,-5.915552428115244,2
3388,-9.438128248896597,3
182,2.8071967927635577,1
5274,-8.564706748261987,1
1942,-6.469723857975179,3
2450,1.4469523094546584,3
3748,2.6400281522919182,2
3507,1.2874267195428724,1
3289,10.815291772302304,1
9519,6.787504272153782,1
5083,-6.253320276699237,3
2210,7.754704656363745,2
6092,-1.9229702865958251,2
6450,5.7817472959241965,2
9027,-1.7282951954051697,2
2733,3.7003522308843517,2
3309,-4.140709410828412,3
9562,2.302937318478933,1
1875,-3.311213808492971,1
9558,-9.30089107516962,1
8808,4.089161124835215,2
2736,-4.954481402878628,0
9248,20.094793210213084,0
7496,1.093846722990135,2
2757,-3.8967957244638933,2
5468,13.461238561975266,3
3391,9.806593118575268,0
9736,9.686209661502408,2
4635,-4.689976442009038,0
8700,-8.660226113165137,1
2137,3.4011474301871605,2
2004,-7.491317537282631,3
279,-6.6195787696076795,2
7679,3.841563189214771,1
8202,-6.22803325798286,1
2241,9.157899745071566,3
7046,4.805214400542733,0
7406,-7.207543091880424,1
9221,-7.772172039318377,0
2532,7.010225400985307,2
1597,0.07873901964088575,1
7508,5.0380094421209005,2
4442,-4.938551465223986,0
6409,-1.5978228526932652,3
2623,-3.345518146565842,2
3944,-4.705914028454107,1
6241,2.8842101072634194,1
5722,-8.13633405279627,1
6109,-0.5370131488228898,1
5803,19.778001436115936,1
3747,1.740842656539788,2
8654,-7.437770614190924,3
1706,3.5953027021563595,1
4812,-7.21887757244165,1
2006,7.233406443051924,2
8768,-1.6984801961183804,0
2083,13.100205180204966,3
293,11.223932526152288,1
4518,-1.664992034585521,0
3134,-2.4612228700652103,2
6407,6.42404187935513,2
7023,-10.90596941955756,1
9882,2.203215334032718,2
9160,2.6454069596470724,2
8303,5.808804153179271,2
1733,7.707044323033486,2
2841,-1.4169415132917371,1
7294,-0.7780498615298548,1
8029,10.364161726383808,1
9929,2.9259343412778755,1
2624,3.5867003817865304,1
3359,2.041827559405553,2
2141,-6.116294039205019,2
5801,-6.735230099626616,2
4551,-5.417342484090183,1
343,3.263180316029412,2
5627,-7.987900565933764,2
4987,-4.175596471731869,2
8468,1.7715875853261052,0
712,9.147346749369305,2
1769,-0.6181642724391473,0
633,-7.130305010553955,1
9101,-5.049394562830138,2
9357,1.444620678911447,1
7381,5.788921747704056,3
262,-1.4501655464710077,1
1122,-6.725149069099691,1
5247,9.798148127428982,1
6902,-4.737594198066161,2
3627,-8.932446407736109,0
7081,20.275049202418707,1
6222,2.1438042334210197,3
1934,-3.380895776833221,1
3793,-5.352100824364096,2
7444,3.6205722172530193,3
9345,6.578944041771317,2
929,3.656525061758017,3
2914,1.6114657438684976,2
743,1.2190674002024418,3
6920,-5.398813388853583,2
5461,-3.0467079813338964,1
8339,-2.877281082930011,3
5637,-1.9749918004258538,0
9983,-7.664522575246637,1
3900,-0.8157060288873146,3
5262,7.461247683674946,2
4659,4.274139892274114,0
8598,5.834408877634273,1
4860,2.678723604278038,2
66,1.3131925918355385,2
3383,-6.393053369386254,1
2565,-3.526123599826514,1
7457,8.379997385028123,1
3445,6.582376519342965,1
1312,13.605400978515993,2
8683,4.622908374879998,0
1924,1.741127079130536,1
2466,2.7183053189649535,0
4321,-8.599541985682157,3
4709,-9.164196290507997,2
6850,-5.45265634631184,2
618,7.823682475771623,1
9153,-3.2105570830007877,1
2270,10.243716837021568,1
7036,4.528829559056296,2
2938,-3.2842228645554385,1
5002,14.75897608564771,2
4279,11.052860112897951,3
352,-1.7455951327279486,2
8042,5.64306513794183,0
3490,-10.66342818291118,2
4490,-5.000747311057938,2
105,-1.6229811413024648,1
1262,-10.081150874698004,2
476,-3.4779606983696327,1
4046,8.162695795063064,1
6339,-3.250188986923047,1
9302,-0.5211004405734121,1
6785,9.786701966519306,3
7151,2.2272897574890003,1
5378,9.189933915141598,1
56,-8.1495582027735,0
9829,-8.159695422818073,3
1529,3.5175448455304066,2
5194,-4.766449517386407,1
4028,-7.813855703996023,0
3677,-0.9785098345504406,3
9497,-0.2882869128693021,2
6939,9.295298173582488,2
1197,-4.129725682532322,1
4758,-4.498376066322804,1
4971,-4.90048926429589,3
3943,-5.383647617042185,1
7581,-9.317401132508646,1
2216,-4.204859175432411,1
4536,7.452450780225822,2
6889,-3.3696587149125055,2
615,-8.603426630881268,1
4025,-7.688071987993976,1
3897,8.503904294854236,2
4229,4.221563283786785,2
200,2.899122086972253,2
4368,-0.6501214388976249,1
1223,-0.544174089030542,1
5220,-1.0459660954676275,0
2385,5.462996233860661,2
6849,3.893780345440958,3
3644,-4.74527777210449,1
1275,0.37080302273651533,0
8225,-3.701371383448732,3
660,4.183648503003466,2
5861,-8.942151281939452,1
7647,-1.4915705829241492,3
3147,-0.06388667818687566,0
7364,-6.008109043225518,2
4620,3.313072208469616,0
4394,-0.5148950280108703,2
5632,-5.647207834770642,1
8801,-0.9176886804284861,0
1822,4.078326714536862,0
8444,6.615603557437301,2
3164,-6.542758230830352,1
8314,-3.826982260095283,0
8448,2.9426579832052817,2
8095,3.701663312156277,1
4221,3.4052894821012116,2
2616,0.5951410472805523,1
2282,18.183898972289114,2
412,5.801238475878022,1
351,1.3593649869343354,1
9978,-4.995507635564031,1
593,4.191150590292543,0
3539,8.813930477298154,0
2827,0.1495236733351406,3
431,3.7004983196356656,3
7403,-3.091726933736531,1
1622,7.924754665964679,1
109,-5.551043962256341,0
5938,2.0566368779496385,2
7169,-7.368712998099314,1
480,-3.347121297514958,1
8744,9.428173707314972,2
7880,15.492345656037827,0
922,-4.757157649081538,2
7024,-7.584332441858403,2
3797,8.417938480915232,1
9315,1.2020285044101777,2
9668,8.770975898531951,1
4606,-9.008061248166172,1
907,-8.015156541199849,2
9032,6.028251570678735,2
8966,8.236883135691766,2
3056,2.739037692591171,1
5823,10.559400669630216,2
2124,-2.809580860292499,0
3162,-2.2901322410524703,2
99,11.706773405362982,1
9108,18.300386851249684,2
8564,3.8765552547839106,1
3258,8.872733638384805,1
7205,9.501610582670137,2
8730,2.1790156766405264,1
7806,4.158374197454291,1
1358,8.133375467783907,0
175,7.372555840933742,2
5497,-9.036944704869887,3
7285,-2.569907273855392,2
1656,3.962969966527994,0
747,-10.410010115161828,3
2950,-8.393537659928619,1
3242,6.814906058208775,1
5624,-0.46703077874872445,2
1005,5.082876462236756,2
4053,2.613633838839865,2
3458,-6.483474171594211,2
5459,-6.034189401654246,2
6559,-0.3416380480110752,1
5081,-6.056709741710324,0
1803,0.007784224746542279,2
790,7.107614795485468,2
4921,-7.808777242317582,2
6237,14.6439381067583,2
3578,0.9867997287396832,1
7737,-9.688264549253436,2
6582,7.441199695697069,2
4733,-6.687635080821604,1
6872,-5.40615393889632,1
7568,-0.816392587078255,2
3089,2.3595580696692493,1
9065,-7.371393914487916,2
7228,-5.190606111170618,2
8967,6.977084122180266,2
600,-9.210382076541004,2
2442,-6.082385590273208,0
3448,13.027965465835143,0
6917,5.963262957748802,3
6417,0.06271976337295193,1
6202,3.007904218329927,2
5600,-2.402755113471883,1
5620,8.987038523842642,3
6467,8.428841486615692,1
2686,3.3947023869314252,1
1321,1.5837064165140258,1
6671,4.14769364903084,1
4721,-1.8729098725445703,0
7345,3.7280682053971326,0
5749,-1.6717125047048318,1
5678,1.095104469499594,1
3264,6.714064700507863,3
2121,3.616696272656678,1
8235,1.7021164167440355,1
5387,-2.067802993951024,1
3675,6.935914533279414,2
6395,3.541770121515374,2
8244,4.456743220777828,2
8552,22.99315472328683,1
1147,5.020251058910313,1
4116,3.9898531069451275,2
5281,9.441495835937973,1
3928,-4.364794622737451,1
4976,-3.164867851025597,2
9984,9.776805462688488,2
3858,5.575938945174872,2
3575,-7.230786203298173,1
5858,-1.9444398275370676,1
3304,3.09426038726975,3
1331,-10.021663699258614,1
2211,-1.8074326643083196,0
1143,-9.468693853940337,2
4415,-5.316823847543517,0
4371,-8.80368948333414,2
2412,8.591048236937697,2
4582,-1.2740661085706064,3
349,14.450273655462334,2
8425,8.894231927823707,1
1395,2.4688394809934175,2
4114,-6.285180173628453,0
9823,-5.848888003190256,1
8676,2.834185126766574,1
8681,-6.294710220561798,1
8197,-2.589042981939813,0
2672,-3.648957228586824,3
817,-7.284277606368423,2
2447,6.695043375466891,3
7455,14.249180786100236,1
4117,10.742548828161116,1
8258,-4.640780403936258,2
7246,2.9773861647342166,2
4898,9.035266559009507,1
141,-0.3186866701490809,2
9379,-0.08335590001077109,0
910,-4.460418501076484,2
9729,3.1860145006942737,1
7801,1.787073020937132,1
3327,3.6791745503005866,1
2345,-0.011723892243363121,3
6353,-1.3189173200575137,1
7510,4.729381922218988,1
9495,3.8731997564585163,3
5517,-10.721869073980086,2
5072,0.4117715046849123,0
8526,-6.398465974713695,1
1505,0.6228917674630394,1
9349,-2.672809112859036,2
7145,1.1246221980830677,2
6908,-4.4441443602593464,2
8420,1.3733927340667162,2
432,7.587905664809065,2
5561,0.6926715422541703,2
2298,7.07451050612791,1
7079,-3.0349201670266135,1
7775,-1.40268630475055,0
5416,-2.9805859030114896,1
1576,12.179536485878753,2
2976,2.2510831268054314,0
1002,-2.1182867867925386,2
610,-1.3744959988508587,3
6912,-7.477157627463503,2
9275,-7.766338559007204,1
7836,1.20201165783446,2
2284,6.499004794769999,1
4749,10.441910465589778,3
2597,2.818960365081222,1
4458,-5.753315335859612,3
3796,3.1090405712132787,2
1450,-3.1914931578720247,1
1405,10.216641420013444,1
2381,2.311416962416298,2
9568,6.330093217251094,2
506,14.704489163197604,2
5983,0.481227462613978,1
1559,-7.172217538321414,0
2228,-10.05869289129362,2
9922,-0.5018968737347196,2
6205,1.2334195670856711,2
1967,6.277167692637253,2
9178,3.9460615873354024,2
9925,-4.662250042217604,2
2469,0.4175618138829291,2
9189,-7.722163602714462,0
6587,1.0904017529714134,2
1774,12.806570661372154,3
2659,3.6852424201985055,1
5016,5.17441658147796,0
1086,-1.7741587667994294,1
435,-4.091778528564847,2
489,4.541841680091252,2
1628,4.108049271176689,1
7491,15.710526850334075,1
8211,10.64848091210935,2
1307,3.0707251139743708,0
1399,3.136189031537682,1
1687,-2.981058560182231,1
45,6.496375219906114,1
4509,3.5953010045077676,3
9309,-4.797831790381691,2
7379,-2.162766628435362,1
4494,-7.2401561038607545,1
8352,10.742048453274155,3
8859,4.501299569045603,1
106,4.763871771081641,1
3673,1.7826439855078737,2
6079,7.124111913330161,1
2646,-6.30177277054521,2
382,6.08919342559615,2
7804,0.8073344045248865,2
4244,2.985011019284914,2
6413,-0.2757041234248928,3
5039,3.1485676761442196,2
3081,1.9008588011351875,3
519,5.739620880369397,1
532,4.6483586360165425,1
5931,9.776105334251527,2
3368,-3.1805646969422705,2
4298,-2.2871877926159643,2
2867,0.6130977853448423,2
8184,8.361139810469165,2
1971,4.8919521946906634,0
8891,-5.137045400131078,3
8616,1.6171362720767515,1
1416,-9.77777733900798,1
1906,1.360836898716171,0
3231,3.7827605322982096,0
2679,-8.840406412586699,1
2568,8.279461551048641,1
2972,-1.9548918675819527,1
5388,8.001819970993505,2
765,5.7715392273824975,2
6779,9.42067796186262,2
7653,8.94359499157101,2
1898,12.076486205744509,2
9603,1.2444606374842664,0
4148,1.9983038511369058,2
6913,2.7562940279459465,1
9783,6.1225267872016715,1
4772,1.1354397492918529,1
8117,13.243045572225837,2
681,2.843239637192396,1
6480,9.821343910187696,1
9993,-0.845803605684369,1
8643,-0.8092722072848861,1
3560,4.452165556965108,2
707,-9.596200585169077,3
7566,-6.504935696552337,2
2022,-3.3520356564675993,2
9652,7.165776366640775,2
7272,5.767853484096076,3
7101,-4.18213434411933,1
1847,11.923683914551477,1
8993,3.70965135972312,1
4684,-3.6527447130034254,2
5746,9.893951700853194,1
1170,-5.703286172220775,2
1817,5.906187356630945,2
6286,18.511912395408242,2
5844,-8.353499552029632,0
7182,-4.132202386630398,2
2845,-7.064671569653321,1
1330,-3.2766135842162045,2
388,11.31691570197098,2
2919,6.862190108470667,2
9838,-2.0879738055127075,1
1228,-3.48215942714764,3
9865,3.7369011386653854,1
8902,4.886014584252342,2
2727,4.789183110557186,2
7593,-1.987810394184558,2
5988,-11.516014028261932,2
739,6.163825977427193,0
258,-3.1201968348950317,2
5837,-1.545302281836602,2
5428,11.772212508147096,1
1514,7.322307322396755,2
2547,-4.01787231126927,1
4300,6.822459267003525,0
7256,-11.222265956946751,0
6557,-0.05824318339052989,2
914,19.043887755364405,1
5951,1.2489861220968108,2
6999,5.423242701671802,2
7132,7.190071640904355,3
7004,9.242396205833435,0
7212,2.110832398392035,1
8957,-4.818103709201279,0
9265,-6.586772192448132,2
2695,-8.625266428852655,2
9128,4.815701505934076,1
3547,9.000471078109925,1
729,15.081756744708356,2
2741,6.391815720377321,1
3811,0.20741690900521575,1
2797,-4.802872182145759,3
3817,3.1534659415890682,2
7359,-5.1555174792660425,1
4255,0.6822193778229704,1
8508,-1.5450354841536456,2
1365,-8.178808943080877,2
630,3.8256376784476585,1
8341,-2.758528596417842,1
5492,-0.05223298975462942,2
8863,1.6587627437484405,2
3741,6.829285243053544,2
3610,-3.367508991103819,2
1415,4.495699814749241,1
9139,9.169651321155577,2
1241,-11.294876196432952,2
1763,2.555933687113454,1
3259,1.8060626551404844,1
6533,-4.428290912605361,2
8411,-3.980328021247546,1
1925,-4.01428312066095,1
9634,-6.8477494927178535,1
5359,8.96973132605941,2
6383,4.904931995250809,2
2242,1.0727372423048627,1
3532,-6.436521389596209,2
9725,0.9576114164742289,1
4672,7.600161058866123,3
6415,-6.837377137661718,2
5074,7.300050904040524,2
7026,2.2869311588684678,0
3204,-1.8974989761346974,2
5456,4.561104148139771,1
4495,2.6073982646349196,1
8766,6.587645541363509,0
4083,-2.202035088334395,2
6310,-3.1009597038144934,0
1604,31.08313139303458,1
5482,-3.8680161172271172,2
5512,-2.7009534794259658,1
6161,17.21283497382514,1
5451,-2.9938456737419417,2
6760,11.670878244080697,1
2591,-1.8371371274215402,1
1694,-4.693472366373672,2
3851,5.642673457844388,1
1472,-11.95821043718752,1
653,-4.836896965297732,2
8422,9.614030420851426,2
2564,11.936421156764743,1
3643,10.783722586479662,1
2101,7.275923494879015,1
3196,2.8522555191837964,1
3221,-3.6608369324705707,1
3602,7.886141841156018,1
4704,1.31901563223566,0
8589,7.164968786134853,2
5030,-5.956775359140441,2
6601,0.22001901022867854,2
9728,6.75749904786323,2
8870,-3.338265471435715,3
5715,-5.793237176453326,1
8962,-8.394796086806737,2
8431,2.6406005939615156,3
2552,-5.2884817972967655,2
2157,6.1019399797296465,2
9720,5.957750306702119,2
1589,-3.5957901258516234,1
6583,-0.21113112431802805,2
9763,10.866038259936277,2
5821,-6.303176876995688,1
4828,-5.134737270003869,2
570,-5.89218935389953,2
2634,-1.4327333774822923,1
317,5.697168428040489,2
6186,-4.985583928546048,1
6052,0.8616778864323493,2
3303,-0.2336613422064664,2
2217,5.556700208225118,2
7473,11.861230659557725,1
5157,14.850831344715647,1
9531,3.706153417073503,3
9940,6.202829535664669,2
3959,-7.873898903228014,1
8126,1.4396700042161301,1
963,-1.812732433234458,0
4595,13.395441595764112,3
5010,6.863848121631612,2
364,-3.1695799006317538,1
3087,9.76853507780451,2
1017,12.771466477992435,0
2981,-4.809623362745011,3
9638,1.4700281797424941,0
2398,-1.7052496004813495,1
1691,-3.038459393650169,1
9510,-1.8780163267246746,2
4722,9.033265114716972,2
2057,2.2762022794197296,1
3432,2.8259241363546397,3
8618,6.19096174274919,1
6775,-5.456672099585105,0
1154,6.7011621827601635,2
6969,9.864319101631928,1
7121,3.357904928452406,2
2488,8.249075539577749,2
4995,2.5959856088126663,2
526,-6.299075603819678,1
1117,3.33550685116874,2
426,1.6813229911801115,2
4297,6.106204687634529,2
3812,8.777050710626192,3
6880,2.995341136778174,2
6959,-8.689250490496221,2
6216,10.506134787140887,0
3542,3.721033950277136,3
7842,-4.956194752282892,0
5973,-4.5713893022721965,2
3638,-3.6289537136935177,0
9780,3.0451946570515798,0
4840,10.407195099564198,2
1996,-3.9472343522981244,2
8228,9.691738371337344,2
4177,4.493117234738095,1
2888,9.65074380702532,1
7595,5.748048826998347,1
3416,-1.8361335022563021,1
8412,-10.369625399138247,3
3390,-4.276398660859955,2
6701,-7.047777313037854,2
4646,1.331152699215516,1
2869,-9.39737346457359,2
6961,-8.012394419233392,2
785,-5.414861361074526,1
5304,-4.1831552094216935,3
6477,10.797440897667109,1
6233,2.474072591166171,1
6399,11.388115444959379,2
406,-7.453219626252528,1
8295,7.351925117182603,1
6379,3.3044260975905897,1
7465,13.298677520449141,2
8540,5.419927031134575,2
2422,-4.499980643222845,2
7985,-8.970737850053606,2
917,8.240413807643895,2
61,4.98012271495576,3
5420,1.8267894476821462,2
8588,8.4224294944203,1
7469,0.9684709042437354,1
41,10.874605230428259,3
1849,4.034339535767549,2
3914,3.0318027050948517,2
2478,-4.245491890447987,1
1060,-7.468374984802202,1
7758,9.806086616606109,2
791,1.5977933782253924,0
2644,-0.8135157341958293,3
8343,-2.5975720130950735,1
7490,-7.356377724380279,1
1511,-0.48258039810753717,2
6038,7.14736519700729,1
1526,4.424274451186873,0
1997,-1.9269018953116501,3
2640,-4.606874914553581,2
8693,5.592431527723326,2
2218,4.144673068353247,1
7097,3.4269663725765906,3
9554,4.8242308902796225,3
3613,-5.2860686541193855,2
9017,-0.37440195195619497,0
5080,-8.975416810315663,1
3121,1.4174606825196487,2
7210,-5.675398108217179,2
255,3.526241770018612,0
8611,6.899536953514814,1
3789,4.457915082339623,3
2109,7.277960146112836,1
250,-7.060511355357794,2
421,7.959039694545744,2
2857,-7.652603818657447,2
199,7.785032135364402,0
6753,-5.9139311851790275,2
9204,14.680684860086277,0
1375,14.183169600195324,3
4988,3.995943567544898,2
5524,8.660943998044173,2
5585,-10.633901288833501,2
8619,3.1339284709927298,1
8203,24.92279476599859,1
8286,-1.2262212549805527,1
7630,3.6519164659066075,2
2038,22.08317526130983,1
3778,5.978805633915853,2
3709,11.392335616189339,1
9026,5.566391208177652,1
3159,1.2851187395409238,1
3679,-6.862001983449352,1
94,-0.8060022601522441,2
8307,-7.157809886311222,2
845,10.373563575701873,2
3251,13.902088749591282,2
2480,14.464448336283374,1
6672,3.0438887143270854,0
8960,5.096492275687674,2
4209,0.5741106674766947,2
191,7.572915692932616,2
1521,3.025830400977579,2
3725,-3.353375890842034,3
3614,4.93018098348473,2
254,-5.891316174577588,2
1858,-5.1983970957609715,1
4530,7.138347576397707,2
774,1.59048383720053,1
2187,-4.413484306710616,3
6056,-3.4448778344519173,1
873,-8.473913498377769,2
1629,7.395516201909046,1
1148,9.324871692815446,1
2970,2.354453458323328,1
7729,16.329884182866397,2
3222,2.8413059618154133,2
5960,-2.237628917034329,2
3628,8.506477299535904,1
3973,-5.659395379281439,2
1753,3.4927685000976063,2
2071,-4.413379524059838,2
206,10.423304387663592,0
721,3.8406993096669555,1
3570,-0.7667482008894311,2
1823,4.68518143116439,3
9353,2.2723382042207363,2
2991,-7.097439235066699,2
5865,7.384509525700557,2
4847,8.177236148622196,2
1940,-3.4608228921350266,2
5775,-2.339987469595621,2
477,-6.0054393625961495,1
1750,-8.59776739937557,2
1623,-5.9257212059449555,1
7780,8.549623375523256,3
7774,-5.721687863523448,0
752,2.1962889047180494,1
5059,-4.510294491440318,3
1300,-5.251855386827879,3
6882,-2.4380768614329877,2
3014,11.468154587975675,3
449,6.825573917423125,1
9998,2.5906527107374386,1
6297,6.846999110698554,2
1787,-1.7712243321757883,3
8179,2.3391724265798226,2
9378,-9.378476047221072,2
1255,2.258167092911183,2
9731,6.341028607170059,2
3929,20.149977229447313,2
8472,4.582132684429333,1
9472,-0.49103375919865777,3
2943,5.753928412006985,1
742,1.2747213983045977,1
7460,-5.6617726404147435,0
7504,12.034436206323509,1
4800,2.194902405204725,0
6394,-8.513847470208967,1
6759,5.819696592852825,3
9354,4.306612777762963,2
3005,6.085092643527306,1
5669,-2.787122664910431,2
2854,1.714611624621373,0
5800,-4.118233419056737,2
943,-1.7886874970146627,0
6960,-5.976249550125207,1
8633,-3.5615592821348976,2
4600,5.18909987039784,2
5162,3.5721467526718573,1
5516,-1.1261740259678539,0
1946,-7.183709671287237,1
3311,4.712439178780167,2
9406,11.53160231048438,1
5448,4.654012698387797,2
6169,4.163908914816025,2
264,-5.807387163863201,2
4431,-4.591432335004319,1
8130,0.4253009301960491,1
9733,1.9342610946914893,1
4487,1.2944402052824775,3
9626,8.261656564874547,1
2613,-5.627684617349603,2
6447,-0.03263395363148902,1
7071,-4.722874328934763,2
4027,10.061500776546307,2
7281,1.9621104230052724,1
2098,7.3357984511202785,2
3185,-1.8526628924959363,1
9866,-7.758773486569953,2
1872,1.5752624467501541,1
7563,6.749086906938214,1
1989,2.701018550072374,2
7458,12.099373022208262,1
3561,-1.959140806134143,2
6588,6.102116369150969,2
694,4.509515663682403,3
8089,10.446957309991971,1
1709,6.614974391123868,0
8663,8.074725183699373,1
1976,-6.1931299368908475,1
5206,-5.569300490964056,3
1094,8.30689001366822,1
9156,11.529628603415231,1
6702,-6.826310951608909,1
1084,-4.142663735160932,3
8357,4.635607089753017,2
9280,6.407974625161703,2
3792,8.516486649207105,2
4932,10.281900275112687,2
7530,9.379209829748556,2
9146,5.51938382878705,2
2787,-6.215833722710073,2
8612,-4.769798174628731,1
903,-6.030772503625202,1
9068,-6.136414762738711,2
6957,2.129577911690479,2
8929,0.3177102236827869,1
851,-0.5497259536205072,0
4077,3.702670555306217,3
9985,8.85417278773646,2
4112,1.3291552451885855,1
6848,-3.7643986728873258,1
1509,-3.568098974028217,1
9457,7.977813695255945,3
7822,2.447361431610787,0
5014,8.166155054373736,1
1336,4.086747201345366,2
7890,3.9355192091592412,3
7117,-4.200693136891822,3
9921,5.61656432985116,2
8479,7.571067559265312,0
771,-3.4277225082829377,1
3469,-4.311115624879653,0
3734,-2.428474787420246,2
5649,-0.9030781930041756,0
3319,1.0432293448775831,3
9205,4.800850518936613,2
8641,4.166139456817685,2
3920,-4.701496914465782,3
7800,8.837183679807096,2
591,2.188269745308479,1
4857,5.4686450174094325,2
9667,2.791331785310242,1
540,-7.21061902877077,2
745,7.8181657823732404,3
4804,4.525143357534073,0
3387,-7.613012484007006,1
2700,-3.508952143105901,1
8884,0.07680158352131228,1
5170,0.5634663949602379,2
2866,2.9307787879170952,2
1028,-0.08850210048272933,1
6717,-0.02248776915820526,1
5445,1.2715649213381262,2
876,-1.9663196923059156,1
9965,-4.306441559505741,0
1550,-4.4944681602692995,2
7562,-2.473442151910068,1
1404,6.512514173891621,1
3128,2.584544010611526,1
1348,9.611477769258723,3
6463,3.1847924541122494,2
2818,2.8115334469998365,3
2570,11.957936284808191,2
1414,13.928262067846482,0
3097,-3.3645791946406405,0
5424,-8.216067551496968,2
7713,-3.6977897678493266,2
5125,0.4665742393732521,1
16,-6.249503499453115,2
4943,-5.751627077500209,1
4934,5.07823937682453,1
2072,4.970921911563771,2
9088,3.782893598753768,1
9685,2.118504799569223,1
2189,6.403068269269608,2
751,-1.064114268332883,2
6911,10.220171318125953,1
5696,3.4962483704025074,2
3002,-5.5728619096125875,1
9526,0.6286697275359894,2
8494,-3.039530526288771,2
825,1.7635082679911058,1
8828,-5.589623672506123,0
5145,5.296381061152277,1
8505,-0.6883491355212721,1
5210,-6.237801109232161,2
9503,6.02819555034708,3
1778,-2.1127557584759096,1
8713,-4.673754798194219,3
9560,5.257775664776949,1
2357,5.671258163983512,1
1499,5.579966138303999,0
580,-4.010242169847955,1
2263,-1.6125985054737957,3
3843,-4.535484184955598,1
9570,-8.163169663377179,1
5454,10.713754605181236,2
9021,7.403765792836742,0
3637,3.6288733203707357,0
9240,4.501249386821078,1
6095,-0.04905842381105652,1
3114,-5.916728232185773,2
5586,6.01429932637829,1
9833,-0.38172836996949977,2
7638,-4.543678251304909,0
3705,2.247491682916267,2
4539,-5.859949045787975,1
5196,2.662025555626934,3
1320,0.9503133495405947,1
3022,11.496216182154427,3
2870,-3.509969557948019,1
7251,7.632534005222656,2
9790,-7.137418464462267,2
366,-1.7403869565273484,2
9824,-2.5933110900214382,0
3654,9.639019788131009,2
5717,-1.360482305745847,2
5167,-6.853066379507428,0
7000,10.000178025120515,0
7346,11.97394632233416,1
9438,10.940690540736304,0
7913,0.7731706294423724,2
5138,6.656159767597108,0
9450,-6.762329499587718,1
4890,4.603851565049647,2
1302,8.548204782515828,1
9288,-8.690024815192736,1
9425,2.2652895335170427,1
8252,0.8245371428890564,2
678,-2.6860580200312762,2
8970,-5.531965094525401,1
8061,5.641517436681683,1
804,-7.925193420165895,2
6797,-7.869122009771141,2
1819,13.137263653461982,1
5697,8.835065090867383,0
693,5.787599939321143,1
1271,-4.782634204923525,1
7426,8.712458141808892,0
1422,5.176061075429486,1
6627,2.2904522755536916,1
8814,-6.156949128249665,3
3386,3.002804332448907,2
8157,-6.704343880251859,2
1524,6.660910480615856,2
2904,-10.455059840438107,2
2265,0.9204179045511416,3
2258,4.1638535742431975,2
4309,-1.523992359802517,1
1653,11.35046127665666,1
4806,2.800345887081958,2
705,-2.2302854821320666,1
686,-5.008870879150295,1
4316,4.907397482542329,2
9995,3.49755766330166,1
2554,-1.8541707748237335,2
1193,-8.52196393631098,1
8282,-7.025329771244222,1
8122,5.42519218684631,2
363,0.485556469461354,2
611,4.340760690705155,2
1680,-2.6496639366558092,2
9031,-7.9221616177675775,2
9846,17.28931094388524,1
9773,2.77943572834974,1
2744,6.6698438706799505,1
121,-3.257311300436649,3
4528,-0.9188122204623821,0
1784,3.9487732854411695,2
8634,16.32346565875637,2
6875,3.4079001281738583,0
4945,14.2809200839163,0
1282,0.7218488399390299,1
7358,4.347244807586469,1
834,4.264351688415704,1
8655,-0.707810318412738,2
4468,-9.56128033571396,1
6591,13.769698621624444,2
3712,-7.565603314390546,2
7416,9.788631179417266,1
7033,6.734986202268596,3
8990,8.386378864021044,2
8439,-8.841732778334897,2
522,5.931435032647656,0
589,-6.882606781406523,2
4154,-6.355189405539057,2
5567,4.230868537296097,0
2774,-6.854290810584124,2
3681,-3.055579470346556,0
2415,0.5343738481605262,2
4211,0.7109577281668074,2
8032,-7.465671202959499,3
1019,-5.64831018560539,0
4723,-4.54794574855167,1
8087,10.150182226501693,1
2399,-5.412813833894262,3
1584,7.891302788601652,0
4475,3.1566877495243753,1
2060,7.799969663104669,1
9609,16.166550391756473,1
9518,-3.2423334447256478,2
6803,-8.329460686419297,1
2606,-2.1397450860955285,1
8580,12.038651724056527,1
6337,2.1201521913484145,2
1871,8.96595348369442,2
2772,16.766213171050453,2
7239,6.36171480214905,2
8931,-4.7136267065319455,3
8063,2.176269447478378,2
7181,7.38279449365357,2
9097,-2.904699502341,1
643,-4.375468257853665,2
8745,3.292911028677448,1
7796,-4.386122650197095,1
711,7.705700598481424,2
2371,1.466725392748264,1
9556,3.6518400125607293,3
9023,4.8398289461041015,1
2514,1.5335309868036109,0
7439,-5.613135498337329,2
803,-8.578784831680846,0
1442,3.8048148227195218,3
2790,-3.4302065637910313,1
2987,0.7879805078433471,2
3202,-6.065090134869515,1
5912,9.156886491064304,2
1874,-7.95719613788015,1
6995,7.306003291537629,2
1402,-4.155916917920383,1
380,4.013553997922123,2
4392,6.9692822068060645,2
7872,12.548482094858528,1
9659,-0.6497841598574836,1
5141,2.8738657154268927,2
3141,5.019289426205256,2
5222,3.5136577717040773,3
8590,-5.210052295300707,2
111,8.57996222789486,3
5221,-4.64420120419903,1
7748,-4.234811977185883,2
8078,-6.3546696503777715,2
544,15.636053974713686,1
4851,-9.447408381455865,0
6944,-7.206987966711128,2
1761,3.8529304807358282,1
305,0.2700789318175232,2
9781,-5.251352990689641,0
2534,6.2948190460504225,2
2183,-7.19446770093647,1
8473,5.465940908230582,2
5057,-5.657137047003122,1
8689,-7.068186533794875,1
1220,-1.259441756701209,2
7287,8.13108239715451,1
1181,-3.235965827249175,1
1090,2.219199296432116,1
5258,9.488946571690601,2
8194,-1.3500236520565387,0
6611,3.6795714465413365,1
9188,1.1061437730463939,0
9937,4.761058769625846,1
2201,0.14606926353477545,2
9228,19.575598726422882,2
8782,12.061849081543857,1
9488,2.27547913369343,1
1034,0.9022205851359255,2
208,6.477053302441677,1
7123,2.703177523561392,3
9719,7.935790329005791,2
9514,8.972371987497102,2
7014,6.743587164839918,2
6698,4.7872387582993685,3
2896,6.223466461485372,2
35,1.1059002187630098,0
7222,4.004624823199942,2
7519,-0.8146089825324165,1
2563,2.984453248130396,1
4949,2.8950595495543396,0
2103,0.27263768197870997,0
4750,-2.78006861666567,1
2673,-9.79730093236316,2
4660,2.6294164127516484,2
547,4.239178677066162,1
7582,-4.843374654640357,1
8238,2.5506102645334012,1
6953,12.32175698591337,2
3279,9.716346198336712,2
5943,7.977466372568072,1
7065,0.8523642030927527,2
9836,-10.759226911333418,1
6166,3.2585365212335304,2
3726,-6.207143202073364,1
297,-8.187500332054515,2
4693,3.246120052805275,1
1453,7.975877650740185,2
369,0.15532306732969126,1
3459,-8.44965284041423,2
5224,1.5513625437283292,0
1933,-4.377079611319702,2
9249,8.140507267635009,2
5056,0.9652647340897067,1
8785,10.054322559510457,0
1577,-0.058704085316540144,2
7886,14.810219307170103,1
131,-6.504939526855489,1
5397,3.5041201862982665,1
452,-6.412848898040704,2
1408,6.692902526345039,2
7759,6.865232630202195,2
8441,-7.626676815422211,2
4778,5.70651005466012,2
7200,-4.5042875050507,1
9612,1.4864092313534547,3
6986,-7.548896196830697,1
4338,3.9581892861451142,2
9700,2.3620069683275746,2
8056,-0.9948572361096746,1
514,5.527102437857517,0
2249,1.1140597209410434,3
280,-5.114044280586251,0
233,2.4414084881093197,0
5096,8.275192039612111,1
5753,-0.8489597059309139,2
9873,7.627754625139017,2
6336,5.587905787809457,2
5893,3.356703221399779,0
4830,6.052326440564216,2
5683,-4.956639599780655,3
1380,10.552091372957904,0
2601,-4.851110968875304,2
4796,16.567694140304543,2
6378,-0.1294895583456399,1
3861,8.139145585917845,0
9674,10.600116851856292,2
2989,4.740176227788463,2
1605,16.038973432052906,0
3558,-2.7466269012400124,1
8662,6.439987335226959,1
2061,-7.356232679410175,1
8332,-0.8667019713173212,1
7688,11.824194769811923,1
5383,4.816840656303218,3
3683,-4.0697741685460045,1
2858,5.537402569133387,2
6260,-4.410014414977994,2
3371,12.49297855407211,2
2233,1.0137440152010833,3
6050,-2.8094407865056192,3
1232,4.182239116772353,1
1370,-2.9311062047923047,2
1583,1.4384700091970901,0
4058,8.573678145545696,2
9955,3.0327562835758686,1
6616,-6.433834287418108,1
9538,-4.164406040372639,2
525,-5.0742987604708825,1
4173,-4.879788827450266,2
4956,-2.7297445916520786,2
5139,-3.4285622311657513,1
209,5.467906367421314,1
4718,7.378228772220262,1
1667,-1.8049271401934546,1
9067,-9.413777774007933,0
3039,4.146259207160248,2
7307,-2.6439899382289807,2
3890,4.29680837723067,1
2136,5.417859994727273,2
4325,-6.436401345667065,2
9772,3.1200381904874632,2
9669,1.1523736504645214,2
6217,0.3692628803853244,3
819,-5.601444225878263,1
5256,9.993139780049791,3
5264,8.438032194671136,2
5197,6.856453963053037,1
4369,-2.083944697354245,2
328,3.0273966678246866,2
3818,2.231290900175153,2
1092,10.841943153581417,2
3394,16.903069833523418,1
9471,8.774599951607865,0
4001,5.269420558970268,1
9636,-3.012771144713976,2
86,-0.43423123902528804,2
2428,5.90616232232873,1
9389,-0.8363472082863975,2
5069,10.61252465315819,2
8523,5.89123818295867,1
2080,-7.142971814084808,2
9164,4.561251586241157,1
982,6.460900295471071,1
2104,-0.05978661974774191,1
8876,6.711098540432313,3
1040,-4.553216260007756,0
9340,9.313931599736662,1
9006,8.410709993084085,1
9762,-8.974611570887784,1
1815,-4.43806075614945,2
6683,6.53485362182398,1
8292,4.552013291297717,2
6145,7.203496963793107,0
6427,12.185890154196445,1
6894,-3.1146127643012496,0
3751,-5.469791811537175,1
2093,-5.73598609524037,1
3952,-7.736450214712454,1
9298,-3.6689419616471226,0
4590,-2.7946748904849157,0
4702,11.747292672944969,2
6946,3.413563213723475,2
4271,-6.034926398387493,1
3406,-5.098665815912139,2
2283,12.845070997449607,2
5115,-0.646115761384797,3
7792,5.411778338289957,3
1231,3.2135531308590917,2
5859,-1.6370172296733312,0
5777,9.777808903913852,2
7641,-8.44396944708328,2
2361,-0.037098721358122866,1
7159,0.2729196158364132,2
2840,10.95092123924236,1
3963,6.324409557182867,2
156,7.403073681069879,2
8997,13.581956749498133,1
649,-0.6040792510503072,2
5305,5.254844215530044,2
8147,9.598264171561473,0
6047,-10.149038571766786,2
974,3.489750437268831,2
3591,3.7995288763115402,2
513,4.787000881278653,1
389,2.575299421368589,1
1306,-2.4768449548434806,2
5121,3.261130451357044,2
425,-6.7882077961871135,1
7738,7.665328972544216,1
14,-6.983355684965795,1
6418,6.063804472712461,2
5024,-4.122009101592434,1
1273,-1.2529445220499493,1
5379,6.8487910509328245,3
1585,-8.320231979951975,2
2807,-7.1236814211952915,0
7993,-2.480099310705556,1
7423,10.51480846869356,0
2092,6.857277080198082,1
7973,1.2575771248865402,2
7179,8.535187099539018,2
2338,-7.405274562535358,1
5741,4.707960894587158,0
8137,-3.044052147632897,3
8480,2.0716621317982193,1
1861,-10.685978584305122,3
2333,0.4330174581241221,2
2129,2.366846253686064,1
2152,-7.556868620058452,2
7384,-5.327419216041086,2
6537,-6.5510475844241345,2
4786,-4.071270869754463,2
9875,8.080752883617254,0
6430,4.551336500828378,1
8527,3.2105629715516875,2
4727,-6.633382921173221,1
310,3.6072506376886686,2
0,-0.2467928350146793,0
155,-2.1772185663489116,1
8629,1.5632991208104077,2
2134,2.879599231353247,2
6275,3.6769116609739547,0
4467,3.3030962629542255,1
7968,15.355312995272074,1
2655,1.9604750225530574,2
634,6.135399655526191,1
4715,8.856731366221359,0
7077,-1.0065486285141416,1
8471,8.548965957542041,1
1459,-4.613899965286621,1
5606,-6.670691430529391,1
8738,7.848808234314816,2
7488,7.640613487756412,1
8050,15.407026891740534,1
9856,-1.5259376350945453,3
2116,-8.977786584640763,3
3936,6.1872477159561985,1
6921,7.3167252656124395,1
833,-1.5282037851469952,2
7041,1.4378513585700117,2
3001,7.2087344265095785,1
404,1.6891902529097536,1
1311,-4.435812305933369,2
7155,1.2806137645772342,2
9662,1.0380316120336144,1
9657,4.590494439055806,2
2177,-7.849082478553414,2
3140,8.64987541182245,1
8759,10.523595108496187,3
3102,8.52327861826333,2
9673,6.957766978755407,2
9120,7.732468091618778,3
163,-5.118579453801177,2
1368,-1.6578001850540467,1
900,-7.802593053074915,2
9932,0.7371491120820342,0
3450,4.725472929467981,2
7309,3.460478064268921,3
991,8.249430534769663,2
3268,9.049813541904369,1
3299,6.181647404540286,2
1921,-3.4740118697062585,2
667,7.44691615818992,1
7244,-2.47982258365845,2
4111,3.348355210940497,1
322,-3.828113055357062,2
5176,9.659135677908141,2
2862,3.9977811847361977,2
7866,6.718293606630315,0
7743,15.913642132844842,1
691,0.9874235665443463,2
6607,8.634069345320242,3
4771,5.089487087070661,2
4034,5.581694350988221,2
8469,-5.999275475565663,1
5879,2.256482609861075,1
4644,1.6105389358114395,3
5092,6.424094933833544,2
5997,-0.5715579695341719,3
3668,1.5748317690923772,1
6864,1.1084413149163284,1
7027,-8.590790079300634,0
9915,-2.986590585946953,1
9223,0.19899568863472572,1
4940,2.8589577954190206,1
8376,-3.5970162019325786,2
8537,7.617739911043919,0
1298,-4.541789626543947,1
7427,3.69396428316765,2
6289,5.438345675539175,2
5417,-4.469049517503645,1
3025,-5.7288848019136545,2
5208,-1.6966527415636243,2
3906,-9.823061461122473,3
8015,2.7552842079520885,1
9043,1.6211774813096298,2
9960,4.5942538899113465,3
4880,6.75897303526107,2
2737,6.751182405473463,1
202,-6.808716179523582,0
2235,-5.064173803161668,2
6193,-5.977034760203763,2
8639,5.313288976236118,1
6993,-0.6773241544024027,2
4239,13.273471745414962,2
4968,4.392892125553959,2
3083,4.874688962605234,3
4250,-0.49506188018089325,0
3132,-2.2543537993798695,2
8752,4.329440768882082,1
3059,4.269493117266242,1
7019,-3.269846582982993,1
9507,1.0897895535270328,1
689,-6.142700761424087,3
3461,4.578281819527894,3
4784,-2.312841149017452,3
6903,-1.3295387661008817,1
7770,-4.1403968498687265,3
7609,6.085901187688657,1
4831,4.322445382405748,1
6506,-9.291771593002887,0
4452,10.293902657350591,1
2631,6.9324188791829355,1
9126,1.4794963700178094,2
9125,10.789410817563452,1
6313,3.8650639909329207,0
1036,7.17141308907909,3
7343,5.00855133244601,0
8230,5.986744945993309,1
3447,0.7360838442738755,3
7348,-5.484270280150781,2
1165,-10.55373239452473,0
2111,5.3612874477143535,2
9,-7.486150301320632,2
6078,1.1988842319193007,2
1191,6.433665272156363,2
3361,-1.2343989884318063,0
3173,11.882547854063736,0
9869,-3.021357995256977,2
1792,-0.1703307842670836,0
9493,2.5651535920640027,1
7849,-0.7652083304804354,1
2509,2.912938861233831,1
1938,0.7553647425610563,3
7059,10.624766279191586,3
7939,-3.275681154386193,2
1491,6.293892619844274,3
1644,1.8540204568447063,0
7087,-2.45051564742048,0
7399,-1.4010436334753709,2
4304,4.798045321369178,2
2215,5.312146149432049,2
6068,-6.667269424695924,2
5365,3.9297242366037413,2
3713,9.307161302671869,2
8482,-2.8112737716068046,1
8495,-7.759891739243454,1
3660,2.7706603438038164,1
7851,3.535766131335531,0
9947,1.6874833894060195,2
3604,4.657030113990475,1
7942,-0.6536050064242334,2
7783,12.309412411614614,1
6699,4.806213770353253,2
3986,3.844942027279181,0
9859,7.650096182928896,2
7995,-10.65077644663004,2
8429,1.4024778382482999,3
3487,10.673887514371433,1
2433,-11.134772123044106,2
9380,-6.885374749783456,2
5573,0.762791701790265,2
1079,5.521596927008671,1
2222,-3.7898424439016996,1
4899,1.3174209999048854,0
3814,-5.6995972163577955,2
2128,-1.8489452308342473,1
5405,-0.5284914385635686,2
8492,3.1409979592019277,1
2324,-8.177229776601934,2
7464,-8.92433282775052,2
4254,-0.8532099898538172,0
7557,-8.707994522745196,2
8806,0.22837996668306682,1
8657,3.1402416292224142,2
5691,4.542048628871966,3
4128,6.520579118929439,2
6746,3.2300458024713405,1
9410,3.469419145042736,0
1922,2.5094043521004235,1
1552,-2.650915452687557,0
4213,11.514833529993199,1
6783,5.244245883364176,1
2329,-3.7604281297183886,2
1961,6.601830436420803,2
3606,9.454993917354422,2
7575,-6.81075553617759,3
699,-1.1260057911713515,1
3672,8.159520767508507,3
4362,11.045971150109326,0
6514,5.00567649096397,1
313,3.602345732088085,3
6442,-6.559921157069997,0
4823,2.153646373821471,0
884,-8.358598864990217,2
4870,7.268630669905455,2
9776,8.84010874449587,2
6121,0.9931629222367404,1
2781,-0.11408720783803106,1
5569,-7.15749344953491,1
5708,-9.341363764208873,1
1396,1.1043133145394197,1
212,-5.490131134763329,0
6110,3.2593023541332715,1
5688,0.7103255393643066,1
5553,7.911883691786899,3
3888,-7.532474383386511,2
4626,8.525479443720666,2
6857,6.538602472980968,0
7338,5.966065255189454,2
3887,-9.366449418983066,1
1891,1.9337635882551556,1
6642,1.8593883851472448,3
586,-4.015032946322226,1
7049,4.860139963589953,1
6735,-7.21976034651825,0
3639,6.401180920019282,1
2766,-0.6467545857718378,2
7120,1.462931483781999,1
3489,5.649076445646466,1
727,3.9873403010542585,2
7233,13.36825071489056,2
7561,-4.267232506986281,2
2728,-4.179746521188589,3
1270,8.543185922020692,2
1625,8.33038697163771,0
8005,11.293951695615991,2
2275,-5.854551110887045,0
9463,2.941192244362713,1
1391,-6.064433202121348,1
4224,9.575910190847361,1
5765,-8.096784621271915,3
4460,3.9137816413631246,3
3031,3.8934610624274066,1
5414,0.5064568699593022,2
7315,2.009626102597748,1
3273,1.6490182064689058,2
538,2.754986663693405,2
6754,16.102161434925883,1
5361,10.955010400165179,3
5250,-1.4194282033302084,2
6948,-9.40701732730519,2
9924,10.304075097751308,2
703,-4.56673446481708,1
1427,9.503745652223069,2
8082,4.934778414853858,2
4243,5.859302743670847,1
2610,4.71810622428154,2
4601,17.472791459803094,0
5506,-0.6617024243698575,2
430,3.2386201463614848,2
946,2.2256651883563756,2
81,3.049630419526351,0
6558,2.3401960049057307,2
3976,4.48089874045787,3
9016,-1.7095849238824834,2
7404,8.926607224045451,2
8640,13.110439818506352,1
8853,-7.3270866605303375,2
1337,-7.0336552797004535,2
2948,2.8315333578977926,2
6721,0.8812385505443827,1
6761,-6.1457473940085325,1
6067,5.599106585618549,1
3608,3.0096448325779077,2
7704,18.6317080368224,2
3067,-6.922164548672742,1
422,-2.027652265715096,2
9832,-6.856890461841289,2
3068,-7.406558482885617,1
7068,-3.2829901067057863,2
9935,-7.330515675943024,0
2802,-7.360008898852407,3
562,4.284343715436397,1
4762,0.5344132084609524,1
642,15.658292491773784,1
9458,12.564221661144401,2
4483,9.442104239587188,2
9005,1.5033459005611367,3
3182,-8.641399048432955,1
7558,5.09341528810706,2
5850,2.4921865063317754,3
3026,2.3961157527963404,2
4438,-6.847025962154395,2
4219,9.897524911244837,1
9976,-5.994459594844507,0
2864,5.716272207343812,1
3346,-9.427978248732028,1
896,4.675406568203497,1
2425,12.844384300279582,3
1892,5.704573705680781,1
3647,-6.564531573440051,2
1668,-9.591732648721361,1
7781,-2.1511809031755798,2
937,0.7745300122848546,1
9359,5.44906242658621,1
9964,6.2838710564347835,1
7610,-1.8749297768619293,1
9811,-6.6020976437915495,0
8188,9.639470734138957,1
8290,6.647394899401013,1
4324,-7.434391005696304,1
8036,1.3098307852456454,2
3981,4.315614852435841,2
9987,-6.57971333724489,3
7726,1.5829278723753744,1
9123,4.670665800177757,1
5763,-3.6057565754624807,1
1322,-4.840832646938961,3
3786,1.0683931899665289,1
620,-7.52035580307923,1
9820,-0.4595141534700846,1
6176,5.980459729563271,2
5001,-3.0928448034595113,2
9311,-10.962445242124591,0
7135,0.4324728616056216,1
4616,4.31848063545657,0
143,-5.58892780044676,1
7341,7.114127218271656,1
3425,-7.582305303008254,2
82,-6.308079295550061,3
9081,-2.427849022517694,1
80,0.44823589144702525,1
823,-3.1572985345066167,2
9607,9.76284803443389,1
4504,-6.73471436417194,0
6790,-6.0802023796959475,0
3342,13.61166550551719,1
4024,-2.350927923711251,3
5654,-0.7743619832405324,0
8060,-7.177880430359296,1
7131,0.025923809716666635,1
6838,10.153632257374483,0
5199,17.085759829234977,1
4184,1.8084310964868608,0
6219,-5.698121234686016,2
4334,-4.771610419598967,2
3198,7.4095004765114485,2
2468,8.720891648914908,1
3226,6.055968240211536,2
8935,-4.829799239604619,2
5563,1.4680325003335852,2
7298,-1.5920012275892255,0
1160,-3.357610553639643,3
6522,6.481751371940501,2
9687,-8.8955077741771,2
8795,-5.005980692663322,0
9358,9.178897695099796,2
8229,-9.333519251880116,3
2701,-6.1299910709202114,1
8104,6.12364634519139,2
1192,1.448545967363259,3
1698,-5.5135260715981795,2
6312,1.6356601354307867,2
207,-6.514399129191064,2
1838,6.302511229522327,0
2571,9.307575110143315,3
932,2.9214501524628376,1
829,-2.9370226112190965,1
7957,6.515655684422609,3
3977,10.877298279136006,1
8076,0.7906184231585595,2
6255,11.226245397808574,1
46,-5.6713396149671365,1
2259,-7.407635304329837,2
7717,-5.747987735300998,2
5207,-9.067911378131384,0
5128,15.873201375331815,0
7380,-8.654915945429794,1
57,-3.131021337023223,0
7864,-4.145073226118566,1
6523,-3.9041074717941706,1
9134,-0.21292776929967072,1
3988,4.759911124940709,0
735,-0.3115761428225259,2
1674,-12.304222206201805,3
7001,13.470797754732965,1
2689,8.64929165093177,2
1982,-7.320785602770471,3
7214,-6.12155403963756,0
2831,6.367173793373269,0
6757,4.402869657926262,1
450,4.297690290662562,0
6239,15.656200714974325,2
7104,-2.0825091545244843,2
6213,-5.520317289692172,3
7844,-3.661606281749248,1
8288,-5.446291209554054,2
3270,2.0833712904055295,0
1188,8.776739685173354,3
6764,10.396199373510933,2
7116,6.364931689196213,1
3431,-2.3627782755961455,1
1542,-1.0615957145623947,0
6146,-1.8781406574597932,2
5526,-2.8512924921596334,1
5890,6.679335755625909,1
9341,4.866051026165337,0
4118,4.790104654519622,2
2054,-7.248162342381795,1
181,-7.17724035572571,1
5937,9.206935423357903,2
5318,-3.9048929119986346,2
1888,3.0212142361498344,1
4967,16.972375450457385,2
2792,2.387028944208221,2
4979,-1.5449517301067808,1
5967,11.59725084099712,2
8275,7.634887354598602,2
2898,0.5175156917053467,1
9542,-4.524065853718859,2
2370,-3.2882827277259685,1
8093,-2.5522398854162356,1
8885,-9.520404477147776,1
1035,1.1543741651062303,2
227,4.806572835338828,2
1180,-4.471765532507522,1
1773,0.13420464184330028,3
6019,-6.689553271303648,1
174,-2.759633909796893,2
7038,11.118762564472668,1
8883,-9.96008743897445,1
6870,17.25521098610026,3
8435,5.8664104549001905,1
6578,-0.3610979791989082,2
4491,2.2417674068477895,2
9029,10.926282628100662,2
5811,3.795566658714817,1
6646,1.1239018023635237,0
821,28.211131326498275,0
9741,-3.9235460230188997,1
2545,4.968864835546643,1
1890,-5.586447805137463,2
3009,-1.401986324971448,0
5605,-4.871463096278094,1
6124,2.087070682341581,0
4865,-0.27038375629519085,0
7267,-2.036255416288339,1
4426,3.6791165325277504,2
4366,-2.6269880960194727,1
204,2.35883833476982,2
6515,3.972840327664112,0
2665,-2.3785703649140206,3
1145,1.8741878010217543,2
1862,5.636497385949362,2
9505,13.250290381276226,2
6745,-3.153702985082768,1
2107,10.201402633698006,2
2499,8.521377396641283,2
2170,11.563667250602894,1
1896,4.432529468616199,1
8394,16.222258260557453,3
6658,9.06059900805755,3
6841,-4.33837383764668,1
405,2.3229355440300736,0
3617,-11.09167963540876,1
1093,1.279188928848523,2
4071,4.860288684490162,0
3949,7.757437823174309,1
4054,12.463704469472782,2
3316,0.6196758844382189,1
7583,8.865475833223096,0
1158,5.5519813079347236,1
921,-8.762999755645739,2
8702,4.549178544102995,2
8392,-4.828519293253544,1
8336,1.580832265363386,1
8837,5.743809863697887,1
487,1.708297936132375,0
4007,3.622671906833761,1
350,2.917430015260439,0
475,-6.54870732749762,2
7261,-6.460676404170818,1
2804,0.34460794983875553,2
2929,-1.0611144697534902,1
6134,8.314173687938329,0
871,9.352025105700335,1
3895,-0.7235261131077404,1
3723,-11.441059130214864,1
945,3.5447781483606917,3
7339,4.467020513156408,2
5916,8.30976093088125,0
7626,-6.104676834612884,0
6396,15.125776148980671,1
7304,9.351125652833158,1
9496,-1.086339535186272,3
8456,-7.869412973032666,1
5537,-1.6959148503271657,2
8476,3.7031209321043894,0
1261,4.1215918864588765,2
3633,-2.473042036281141,2
9605,-4.734123655112875,1
4422,4.2022064139371995,1
4631,3.767691735323724,3
4777,-2.3319093320057953,2
520,18.04476863788064,1
9561,-8.579992919959112,3
3954,-4.734109194958376,3
5587,-4.874540111657561,2
5660,4.247792843305138,1
1403,3.034127245654912,2
2596,-1.2860192238329957,1
4457,3.457673139970807,1
1734,-4.212878493873391,1
4782,-3.5055186275064263,1
1219,-6.317686766340924,2
1332,1.4456389337926452,1
383,13.42689097973075,1
5054,4.6849359767576,1
5866,11.374951054010225,1
8530,3.7473564639628187,2
9384,5.099666770051017,1
5662,4.754938237749328,1
7661,6.3852176245394725,0
2502,11.121705321113135,2
9250,1.939951381895523,3
222,-8.299175537965818,2
7513,-0.9851487245486292,1
5780,-2.2088865031703335,2
8025,-2.786932284503379,2
403,11.910273755314412,2
2843,-9.087326325314843,1
6266,9.71920642672555,1
3631,9.666271795729347,2
6485,-3.5849781819589777,0
2780,-2.7547008583359167,2
2019,-6.371367099923535,2
6198,4.915114386501449,3
7417,5.772313285759649,1
5192,3.3344305560461667,2
6288,-3.9541622166216985,2
8959,-9.624490138439876,1
9730,5.900133585355492,1
3825,-6.785894797307867,3
746,-5.9772602681664715,2
2487,3.5294235234466838,1
8664,-8.902447105095012,2
23,-4.08678470796416,2
5437,-5.849843912060512,2
8362,7.926661670325274,2
2358,-10.431602185187478,2
5511,-7.25969599751552,3
5297,9.818928697071101,2
5862,21.943586445542362,1
1030,-3.0504526335971924,1
1393,1.6363260207371828,3
3601,16.595203684943407,3
6303,4.721803239682478,3
3189,-2.5713058095516494,1
1554,-3.9711209497996705,1
2467,8.31410001196633,1
2937,3.1215701180936506,1
3868,0.24801255758990892,0
9453,5.549945147641543,2
7342,-0.5377624248227266,3
7335,3.780233440530829,3
5129,2.64584457107906,2
1209,-7.040735842250269,1
3940,8.393530331688385,1
8555,-1.6986367932733542,1
6598,1.0026314619198544,1
9437,-0.030228300884847403,1
9702,0.7571297879160024,3
9740,-0.46199973210787115,2
9746,-6.53180591056554,1
2902,-7.189165283105988,3
8092,-1.6164061416865578,1
5781,-0.15052888698284883,2
8335,-0.05535840905370332,1
1777,12.31273034306796,2
8546,2.9603682304136965,2
3810,-11.318449501391655,1
9113,-4.042545153142891,1
9534,-6.000397584242836,1
9601,-4.432674612814169,3
9883,5.657295686318913,0
3254,-7.170537469797241,3
8896,-3.5463139361670506,1
9547,-7.8636082153762255,3
1643,-6.33045800104023,2
786,3.9935527144974836,2
1673,-6.802087326563459,2
1751,-9.36057486619963,1
874,4.638584017695455,2
5465,9.099663607530102,1
3177,2.9757305898507416,1
2848,20.366142398732684,1
1764,8.03534715110942,2
6874,4.582550954380954,2
7025,-1.5366117103099524,1
7923,-6.5209721591213405,1
7721,3.9907699132805123,1
9596,-5.1961250698133945,3
8998,3.901994730022306,2
8164,-0.07788994925937809,3
1458,4.855526135075808,2
316,0.20336215121742174,3
9701,-7.797608017873109,1
5515,-2.81309059890904,0
9968,5.925669809645389,2
9797,-1.793361706492131,2
6534,11.419958826057094,2
4352,-4.789552472958968,2
6412,-0.03389546006608457,2
1351,-1.5603372567507443,1
1308,2.261361788450163,1
5181,-1.9884007448099577,2
4185,-1.2238695858419875,2
5443,7.416929966534614,0
1177,-9.262640915291506,1
7528,10.2991086560395,3
9747,15.741245050970015,3
8384,5.546175410331333,2
6663,-1.398688032216942,2
9475,-2.993898359242244,2
5147,-4.062336425072451,0
3471,-5.482157675204343,1
5812,4.1195185350073125,3
5655,7.367447581282061,1
1538,4.817395368277162,1
5110,-4.423084268563683,2
2253,5.6097904651006205,2
6527,-4.785510126825002,2
2149,5.207359477879947,1
7484,-5.827738848305292,2
2882,8.67341588859223,1
58,7.205788630689587,1
4395,-7.13967356020909,2
4948,9.173536055239442,2
1316,-6.911136040222738,2
545,-3.799227585782761,1
7820,3.9247781448811834,1
7914,7.712080399604598,2
6852,-1.7116144738843198,1
4604,1.297805587181897,2
8327,3.4486697389731984,0
8405,1.7509251743230179,2
770,3.1699073052615674,1
9313,3.5255012082586137,1
4532,19.11585842749051,2
2911,4.151831404833549,2
9516,5.672525255878973,2
2181,7.184716048912466,3
6195,1.435930745827168,2
9479,-6.758914048862308,1
5686,-6.317606973334428,0
5970,-6.859765467732721,1
7930,-4.706651512541725,1
292,1.3266155389410483,2
7706,-8.748822658535547,2
7907,-9.528056515918115,1
7909,5.53805532614031,2
6437,5.775119081484499,1
7088,8.632524620399883,2
9259,-1.6315837431032163,1
232,12.118537131492296,3
7541,-4.72592923996728,3
5009,-7.072739998999429,0
5798,-9.476898386733517,3
1448,8.251163868382662,0
4540,-6.656185015546395,3
7084,1.3817272754868175,2
7461,13.474581731100818,1
4815,-13.406589050458173,2
2454,3.4644939898008347,2
9694,-4.402059196949648,1
3808,4.082152666810842,2
4836,-5.308323366452478,1
9887,-3.9166519615759348,0
987,-0.6059581824415725,3
1420,7.476234372152863,2
1001,6.385026886009176,1
1372,-6.88031637381658,1
9415,-8.019013615274087,3
3337,3.5560828915557283,0
9949,-7.783428560052417,0
4683,5.963302006141156,1
8987,7.223840172685029,2
1042,-0.26061572973777214,1
4308,-2.410862998538602,1
3439,-8.08545099891335,0
5035,-4.079052732443859,2
3069,1.7836134153748,3
3160,-0.28100503833711094,0
5409,0.1981736727443275,1
7286,11.213320550708954,2
3325,5.6246773674109205,2
5670,12.309050423556208,3
7390,7.409740551945151,1
3101,-5.0392737434968415,1
8881,12.664044362418656,3
6893,3.4016143995360437,0
792,0.9255953521669924,2
8250,3.198325147069068,1
7779,-3.4329241000367485,0
9362,-7.034911304126327,1
6615,-7.7352849356027535,1
6364,3.7247817718552625,2
8731,7.537921698614108,1
8402,2.7209357043334625,1
955,-1.00047911649807,2
3728,-2.7666700674082434,1
6302,2.4163344890707528,1
992,-9.6389012389074,1
3211,-5.7854147590579545,2
304,3.070043095505345,1
2003,6.251737541673892,2
4096,-7.222652396200843,2
6017,11.13251123144692,0
6074,-7.221655438819562,2
2144,-1.0000627742059058,0
7108,-1.2432374911475763,1
6792,-6.568144517991385,1
9159,6.203549509376128,3
9252,-0.04105791526712321,2
362,6.4533090432890035,3
2543,7.866220090598317,2
8701,-0.03217277479552427,3
354,5.9118034022482835,1
5774,-7.69267198761847,2
8671,9.39395698958401,1
1061,15.337690271819953,1
5752,-2.6861253525573923,1
3350,-0.9859924702854307,0
7013,-5.2897019355383375,1
5434,2.0974041902459364,1
260,3.3755730778151323,1
1547,8.138767717832826,2
9057,0.8231512489666355,1
3345,9.66208801070583,2
3194,5.851219689949904,3
3555,-10.376715844026453,2
4144,2.117144255159745,2
1856,5.649378501529645,1
9368,4.781583673366226,1
8449,0.8936103881525868,2
6345,0.7137137547156343,2
4993,0.44224683945991217,3
6076,0.0737266386671731,2
1361,6.288966434680962,2
3476,2.7410388019259577,2
3098,6.400776500611153,1
8560,5.969594530001048,1
5701,-2.5666509157675184,0
7938,-2.973048857366518,1
7340,5.859851810862812,2
6343,-6.070682953103393,1
6998,-4.502789004923385,2
7902,3.628013586239117,1
9308,8.17526420049447,2
7040,-5.605320870985416,2
2365,-4.702224329698628,1
2203,2.7080977702534383,0
1326,-2.6215026384545657,1
5257,2.6630191195356248,2
9089,18.797652357167863,1
3732,4.044460307473381,0
4068,7.174078829581126,3
7355,-4.0388037799705465,2
7184,-1.255847923908255,2
4204,0.2932201383312063,3
3233,10.052491466435123,1
8367,-6.835259553350211,1
6987,-7.716727374476501,1
9515,-7.725447839141822,2
2760,6.652275660599495,1
7981,-8.311042629029881,1
8703,15.09509321918102,0
9517,4.780748854442099,2
936,6.589934232509091,3
6262,3.525315143804263,2
8151,-7.291005682578596,2
6431,-4.3865333142108565,2
5584,9.06136802426789,2
5904,2.106170172200009,1
2110,-8.541205493150287,2
7554,8.813926828641675,2
7932,1.2317594878072164,2
3466,-6.107351129309708,1
5442,-0.7780741627688618,0
798,-4.205032539821772,2
8055,-4.494851204323289,2
5595,7.241854258704633,1
2507,9.636337711224526,1
5618,5.8065156052826135,1
2023,-7.401265823135869,2
7933,-4.3172550163175885,1
2523,4.420913280526606,0
7334,0.9959864544403731,0
3064,7.846752491433437,3
5899,-2.210013529378144,2
2289,-9.463195485788571,1
671,1.3909090571378473,2
1720,-10.296856937507497,2
290,6.513485152503554,1
2086,3.401265943356848,2
3956,-5.213099085959288,1
8932,5.610216702393838,1
616,-0.9208777237065751,0
4039,4.0001629588435605,1
3192,3.2977007142218624,2
2479,4.111646633466047,2
6371,2.492444342672259,2
7805,-2.1044185176416796,2
1708,4.637036098385277,1
2897,3.8376407124032164,2
1796,8.901235499888276,1
7419,2.6536452678218994,3
6059,-5.510683887323071,3
3657,-7.60054307355952,0
5677,7.292547783974151,0
9402,-3.3351152793871903,2
7617,0.20419156267553595,2
6362,-6.36400288486321,2
4903,0.35564652551346243,2
9048,4.022150662158898,1
1692,13.00434441583123,1
5077,-5.729122712476073,2
9904,-8.940529118659411,2
2179,-7.044416159610051,2
6560,2.5494374623082248,2
9834,-3.2028633484985782,2
7103,2.1094877404759558,1
8464,-0.605020745255394,2
9171,6.798942656509744,2
5645,-5.5524541197943,1
7280,-2.0168948699424285,2
5928,9.321849385901162,1
6659,-7.1289773346287415,1
3007,9.423582292967588,2
6033,-0.02901369498094608,0
7509,-0.5265316168808805,2
7357,1.5074217812234845,3
3966,-0.6051960836552903,0
1663,-9.472949913724765,3
9536,2.548858599887528,0
6279,2.993120832500963,3
4591,-1.938323204310254,3
9660,6.7156850566026085,0
1956,-3.6404488507594808,3
4270,6.515610051917578,3
9149,4.87691562979842,1
8973,-5.138280409373253,0
6517,-3.796002207951866,1
8426,2.2170462103340816,2
6057,-5.646159168648762,2
3859,2.1586759389136234,2
4465,-6.96346992817146,2
2868,-3.635207967526391,0
9886,-3.4293878467256658,2
4951,3.3551180438388286,1
1532,4.146041710351816,1
7555,-8.98686001750956,2
4728,10.438380034870427,1
3768,4.775835611114867,3
4284,-4.162180047835071,2
1513,-8.719377969795266,2
5227,9.745259450404028,3
3,-6.219760857685962,2
33,1.56692332858466,3
7746,3.967344495074134,1
807,3.7836258042315594,2
7331,-2.735208611082544,2
2321,-6.581424933816675,2
7577,15.429014201341428,3
3444,-5.6478687461033426,2
4092,-6.798575900510931,2
3070,-8.956745260248216,3
868,15.818428873878988,1
3249,-3.7594243519552144,1
1884,-2.0182789554416773,1
5345,-5.486945147407382,2
9931,-7.1092648749789795,0
3122,-1.6852818769884912,2
1903,6.426606869321344,3
1977,-8.225439649727923,1
7316,-5.652390168494533,0
1953,-0.9978693753355263,2
4095,5.387216668169992,2
160,12.126023412337066,2
9190,6.91744421451064,2
6200,-5.483131840543225,1
9611,-9.081999801420428,1
6062,7.771323795468767,1
4740,1.3260513775766767,2
2432,2.6283680478837725,1
4521,8.054911392401404,0
1246,0.6206342301350176,1
9326,8.507380686285167,2
3771,14.370505423062705,1
6855,7.141160734099129,2
676,-6.314359887241626,2
6877,-3.4676027317729923,0
7393,6.348343621060924,2
2999,10.183421382723381,1
6667,2.7694713891389218,2
4496,-7.508447343053027,2
7252,1.2054454145979083,0
9767,-0.3396185291787792,2
6191,-3.146849845762421,2
8421,10.104078220372273,2
7284,12.008209033658888,2
8445,2.42469464646252,1
4614,-3.722214125018816,2
3615,-8.276571628936043,2
1221,5.339037337337836,1
4222,-7.005824766816271,2
9216,17.86173294172361,3
5816,11.737069663696204,1
4902,7.557850129844599,2
8222,10.974073233147958,3
1456,-1.7751256759633107,2
400,-4.982549501464554,3
5621,5.5038567919935515,1
1596,-5.928808441154442,0
9545,10.99957440192331,1
1183,10.343633929746309,1
9637,-4.356789273275446,2
8413,-5.409157858207379,0
3413,5.705312083117182,1
700,7.159336898407768,2
3536,-0.36342595288915813,2
857,15.058887072707675,0
9853,8.794397998589327,2
5011,10.205997147000023,2
6739,-4.279076827803986,2
2800,13.252394536759084,1
6224,-8.250622419227662,3
8939,-7.656069508195134,2
9071,16.631609121147196,2
2457,-4.041364830662716,2
3594,6.10271476296395,2
6247,-5.804095074674083,1
3636,-9.234503993676837,3
5203,-7.157623132260988,1
6171,15.71971623323447,2
9600,7.6046578824651405,0
4908,6.187162383845007,1
6929,-0.42241427065586423,3
6510,-8.209598649625255,0
3775,6.2276682450681085,3
6543,13.00991327311738,2
7921,3.071955308241856,2
4409,4.815995485702885,3
1482,3.598134743580835,3
2619,-6.017345336933505,0
8647,0.0953558604226239,2
3870,4.064440272925803,2
4874,0.13819100138257112,2
4547,5.359805104872054,2
9370,7.656361858210157,1
2638,-2.7988155740512086,2
1136,-7.839863583945261,2
7966,3.891155220499066,1
5324,-2.053759047341017,2
9862,2.957220315500055,1
1908,-4.736322197611393,1
8219,-5.879179564131743,0
9141,5.097424926600482,1
192,4.816331672605333,2
2611,-9.220188353320871,0
5797,-7.663060956380321,1
3620,0.1306455513814564,1
2273,6.823678376950897,3
7386,1.9715271706931932,2
5453,-4.367981945303694,1
2604,22.12235024809318,0
9397,8.55022980054071,3
8510,6.870008044999496,1
9109,-8.17516920319027,1
6661,-8.466700346543785,1
7353,-5.722661455774052,1
3360,1.7929491815283418,3
8240,8.705529908813848,2
5847,-5.008601333522891,3
1969,-1.7812196179526376,1
1975,4.2714701128740185,1
252,-5.336924851499808,1
2751,7.677982648832522,2
8265,-6.232657847884557,1
2651,-6.222358577976772,2
153,11.039843167416874,3
8606,4.827848346559851,3
4958,-5.858292982006827,0
8105,-3.9715573256122383,3
482,5.715081702892945,1
1468,1.5463730276273138,1
9941,-2.570281683709854,0
2266,1.824591070744772,2
5508,7.481567551412626,2
3850,2.0789760636811243,1
4697,2.753877989770381,0
1053,-6.230993032991704,2
7915,3.0716933174025614,1
5714,3.4472666622582313,3
8637,5.940026498219082,3
6682,9.395408473978675,1
3244,4.300346848799855,2
5333,1.0170456851280687,1
413,-7.634176688450692,1
2068,-3.1852592493558274,1
9151,-3.8876636695795868,2
5283,8.199475106381136,0
9916,11.943055201049019,1
6971,7.352852430171097,0
6622,6.366687652120583,1
5373,3.8178719682255364,1
1987,7.718544188577084,1
7201,-5.7575023089143516,1
7983,-3.300442145401849,1
5087,3.4707282820980967,2
5558,3.434322082725925,2
767,3.8714034714033874,1
5285,14.204584902997233,3
4541,7.0979722444854225,1
4421,2.736503509689355,1
8121,-2.150269389744592,2
8665,3.139293106417022,2
7901,-6.387052360076553,2
1561,-4.466200410702156,2
3517,6.611415314076126,1
9566,1.387302059198917,3
5051,10.836177616840027,2
5343,2.9524746708393486,0
2706,-5.612216011471562,2
5358,4.688390623838078,0
3704,4.354984709969351,2
4376,-2.5493857298997127,1
5692,3.9199853720813342,1
8709,-12.091370098483177,2
5398,0.7297539711907619,1
603,-2.4722297117630214,0
9826,14.05807833576039,1
6048,9.913578536092231,2
2239,6.68315394467621,1
4433,-0.8550000162591385,1
2524,-2.0577262711745936,2
2986,8.468007249602959,0
7388,-2.3342670711445366,0
9391,4.832897102083467,2
1716,-7.149744474459344,1
6568,6.1191544392218775,1
1091,13.405260139061324,2
8685,8.479955211572644,2
2460,12.746367300045401,3
7875,14.957079213547113,2
688,10.077987964419249,1
9739,-6.269652188123127,2
7109,3.464151000560645,0
814,3.368219451492248,2
3765,-7.927535755777499,2
8058,4.149405917331998,2
3382,0.2011682993465418,1
5236,17.70206062982957,1
9879,3.8768810530902273,3
1746,-5.495650580227597,1
2588,5.122596304603757,1
9004,-1.3717348558412534,2
7709,-8.30640112768865,0
9738,-10.17400385957494,2
5596,1.511427849880374,1
5483,1.056390641770617,2
6687,7.560248089149529,0
3716,5.748194618218509,2
4798,-6.519012451664457,1
898,6.5530500237973985,2
3551,-4.130701029805229,3
4056,11.267466967891744,2
6541,3.097967105116159,3
1018,2.912671163113973,2
6141,2.492296784061349,2
5022,1.8502913118157944,2
3785,2.486787759140404,1
820,-2.2971068091380022,2
8486,-9.596429205873987,2
3329,-6.570057674715019,0
4135,4.301646854582694,2
4201,-0.44944913716608026,2
1379,2.2306391161078802,2
1841,-7.648610320656858,1
9778,0.742039128353583,1
7308,11.68151615503196,1
894,-4.688550269897305,0
2240,3.15863416153124,2
1085,-4.0994350225242,2
3557,-5.922291460143545,0
9857,-0.5995518849200225,1
4584,-5.283315244258805,2
1222,-7.709844019428326,1
8922,5.003371117890101,2
2065,4.661190574094407,1
2404,8.9556977557383,2
664,11.785830901261845,1
548,0.810679140187029,2
9654,6.3721193012831465,1
5153,-2.7179117650915923,0
5363,-9.202907394594055,2
6380,6.497365139918708,0
6381,4.414409994825464,3
2326,-4.050566728582657,2
9263,-0.21726229334800595,2
220,22.050214288264286,0
9147,-4.149538280927914,2
9633,4.59827924808754,2
4432,-5.9706877244118814,1
558,2.3526323457601155,1
6919,1.9194910225853081,1
8822,7.492835071194882,2
5513,7.58381680000891,2
8315,-7.799503116475242,2
2605,10.950668208070075,1
3506,-5.593415386774851,1
9893,2.9276631886373057,1
2053,30.372003761949113,3
7732,-0.6497581351813073,1
632,6.030799638255827,3
223,5.049154735654912,0
9525,0.8560858826227712,1
9112,-6.219897526921768,2
8333,20.093644020152176,2
715,4.863470472147682,1
5309,0.17867144684243907,0
4952,-5.863771552343607,2
1480,-6.439819681412513,2
6729,0.6188736613367743,2
701,-6.52983292026279,1
4566,-8.690028857014145,2
440,8.198108944704222,2
263,2.980504610182703,1
2050,2.9165728750552242,1
849,4.746915493043606,1
8799,15.21455583356989,1
6335,1.7763509226586165,2
8414,-9.140940623612966,1
7337,-2.0765841637189624,1
5481,-10.269849914544343,0
9610,7.221240792681661,3
755,-4.049600032319895,1
4346,5.230182949913697,1
5565,-0.8575590751657196,2
4525,-8.257125532916993,0
5104,7.401918635227542,3
396,1.7370576918785947,1
2477,-1.6063197884779237,2
7742,-5.703078256171636,1
3354,-7.166310401160234,1
8609,0.2921635512874783,0
6032,6.7674112703296645,2
2400,5.1410555213925075,1
2207,-6.155528941085144,2
1886,-1.7321441240522661,2
6063,2.060555998448705,1
1507,-0.7972164112246112,2
9582,1.8414026283512301,2
461,2.9277052799661063,2
8567,4.827692482364022,3
4061,10.757664237952755,2
3138,-0.5850130640795923,3
958,8.463325078327706,1
9079,-8.022537582917485,2
5136,-8.896644276575582,2
8743,-4.504223295428101,2
9520,-6.048954329468554,1
1723,8.144293971448516,1
3328,-3.2595604075682907,1
6072,-3.314498426753047,1
5914,19.04611672378082,3
935,1.3075517299105277,3
3619,-5.474753004061537,3
8946,14.983674056395367,0
6666,11.222382536966519,2
6554,0.6158287005915429,2
4609,0.9506695915698908,1
763,2.0691298665922053,2
7045,1.4714847152539625,2
8816,-3.9935348102044603,2
2519,14.113567556598987,2
7187,11.58828381793407,2
103,-5.986863802882314,2
6513,-4.488376697137557,2
4936,-1.3839846671030587,0
6801,-3.1695083542031792,1
2264,0.555945392938598,0
5942,1.3381287822063026,1
3357,7.750384334878225,0
9014,6.028411935275729,3
259,-0.13841120878052804,2
4577,0.6446375011883564,2
9595,-1.7178777480818712,2
4450,-7.601467930498737,1
334,-6.753955742866712,2
6507,1.6702641185100795,1
3947,11.816893316721467,1
6823,3.261352882883886,2
5822,0.9428285608815519,2
6595,-2.7070444710685866,1
6617,5.660501961628187,2
1712,4.782914972154849,1
2501,2.098845020557964,3
7313,5.58022730713844,2
2341,-7.174721231256622,1
8999,1.1669249225379479,2
9491,-6.897755222517966,1
8488,0.938072209698778,1
8879,10.762769843499356,3
6126,2.57501513880893,2
665,-3.856728414780355,2
4354,6.404595752995009,2
76,-5.290207198858152,2
2834,4.5249768106426105,2
9304,7.7789408850136885,2
659,0.4262254356579119,0
4386,9.762445531906334,2
3483,4.348874827292482,1
3197,-3.8859406724391956,1
4962,0.6369487922117673,2
6160,4.512418918515271,2
1771,2.0385113352739905,3
5185,-5.456666809385432,0
1495,-6.215741482264807,0
5491,-5.69597220434455,2
9020,11.817040812589727,2
5711,-6.0081326962804935,1
8646,3.3931768541319425,2
4738,4.7010359199179526,2
6579,12.653314263305317,2
374,12.088740030939055,2
2392,3.3301023251993467,1
3572,11.169325521081308,0
6907,-6.337250164373366,0
4524,9.038110192701584,2
9979,3.681630754332388,1
9640,10.489623818989001,2
670,-7.182477918208591,1
4923,17.89449843580966,2
4333,17.06287416670605,0
8077,7.417757593609914,3
6795,-7.39014090266077,2
1167,5.839841461392298,1
7162,0.14605340249373572,2
7878,4.975252132926817,1
69,13.033844809435074,1
72,3.3787006569502767,1
2075,-5.774125952664448,3
6639,-6.8664401789928515,3
3501,-5.261673429889506,1
3992,-5.095807562246513,3
2011,11.238831567576963,3
9708,6.487624652581513,1
2106,-5.415430699074699,2
1985,-3.333232502944671,1
2891,-8.290051113571193,1
6767,-1.5965828068134225,3
5356,5.781465487901812,2
9037,10.63196320742297,2
5919,4.1972515162736155,2
3798,-2.592754826899344,2
2497,9.415169591298298,1
7635,-3.531445140115762,0
6178,5.449169822236713,2
3718,-3.069105747740495,2
4534,-7.108385918404265,3
6723,-7.780729592087576,1
6713,-3.751214745344676,2
4102,-2.0430147570588413,2
7592,0.052015253545923734,1
4802,11.188893965073214,0
4680,0.2891262759152653,2
5694,6.77472288319877,2
4176,1.5124683033308546,2
4977,7.017006721219536,3
518,7.275561471353491,0
4942,0.2782817736783909,1
2451,-2.854477186339661,0
7424,3.0180925291572533,2
4508,7.953417895092074,2
7002,-2.629184777198315,3
2921,7.270205375488932,1
4241,-7.107864948508461,1
4957,12.03926963327592,2
1843,1.826089433421887,2
8400,-7.707924023437618,2
1905,5.241951734981609,1
5680,-0.11671543695788156,1
3823,5.555026473824333,1
541,7.216099243224663,2
3735,-2.158597354275802,1
6333,13.00329351487899,1
3491,0.7517820633735206,0
9580,-6.837982838564827,1
6029,-5.501213167527688,0
6158,-3.6894387827223394,2
3436,4.554882985675901,2
3336,-2.549919927869523,2
4794,6.701397021515621,1
1845,0.5201631553216971,2
8502,1.0723862140013645,2
2161,-5.32296693206768,0
8718,2.792357422825873,1
3754,-8.901254320442469,0
3409,6.466315930294324,1
5566,6.28580075845464,2
2720,4.523473142511238,1
9110,-1.4236223143935374,1
2012,3.6042171017966305,3
8579,0.6474810887026573,1
9839,-6.675687793438387,2
1,2.5129671158552904,0
3238,13.329476254955459,2
7429,7.665982471789069,1
451,5.536646869271112,0
7622,-7.803471528827648,2
6566,-1.5599009291387747,2
6539,-3.815643312275721,2
9754,5.463002063194267,1
8690,-2.2871274397205577,2
1317,-8.904226363157575,1
8008,6.864317239391027,1
6175,-3.912233406010377,2
650,-5.494873995751334,1
1299,2.7915929058442575,1
4180,4.023597821177736,1
408,-1.9477618072545448,2
1916,2.6873119905653358,1
4845,6.874840186864947,3
5796,-1.1980939717473453,2
2823,-4.328347129653469,2
4306,4.045157025594679,2
1816,-6.116597999583998,3
8001,4.882136549546319,3
3569,-7.627434503053518,2
8234,-7.814034336818448,1
8440,9.379066923382055,0
5729,6.483634890997358,3
2675,7.648524163878216,3
3872,12.616040558413403,1
636,0.5952826966158258,1
6634,7.480774616565481,0
7260,12.986928395613564,3
6102,2.502015051837592,2
3245,12.434162681799268,0
9920,13.1438605589279,2
7668,6.646273406092248,2
4505,-7.26686096646034,1
4510,-3.139714949721609,3
9427,12.987763607716994,0
2660,-1.5355147580363433,2
5562,-4.326852964509587,3
7012,4.38507638338619,3
832,-1.2518227802463895,2
5896,-9.296534162967273,3
2191,4.537148877873764,1
4760,3.3731675078336885,1
7407,-3.819109113741195,2
2819,-2.834394122367926,2
7396,-6.998444226083146,1
5594,10.602790353749924,1
5339,2.474257956639028,1
168,2.7781534507272196,1
1502,13.015037139253888,1
6182,4.962363957696657,2
5112,-8.923008103310028,0
2973,9.422506306922019,2
7410,14.612575341191109,3
230,10.78883677009665,3
289,0.13608110016393948,3
6423,-7.922776363357713,0
2079,5.101300127979593,2
3392,-2.997238431972756,2
3795,-0.16473102569905418,2
1166,8.525435075416457,2
104,4.976018601965318,2
6501,7.006345936582735,1
402,-8.54145983145546,0
9650,-4.634864373071508,1
9046,-7.445916238826809,0
1280,11.74081100475734,1
612,2.2360324408947116,1
656,3.0479711313986146,2
4497,-2.7844062992692225,0
4999,1.5659392531948821,2
3086,14.40096131113757,1
2274,5.787203241510469,1
1531,-4.6296567994841755,2
7119,-5.763699137689307,0
5996,-7.659096353182357,3
3543,4.764718839049127,0
6071,5.192896082503387,1
1024,-2.3088938691253986,0
890,1.7949710058019561,1
3876,7.649129103194375,0
303,7.0268777831674525,1
4012,7.693598008038005,2
4411,5.252009307590992,2
1057,6.466313796838025,1
2150,9.945211579662748,1
9064,14.950482696671452,2
8409,-4.643898440935356,1
8358,-1.5723806911585647,1
9314,7.650303734987647,1
5900,4.945127960103564,1
3250,0.22010039858150532,1
6003,-7.169392391858653,1
7370,-5.063948708716463,2
37,-7.940719531996897,3
2285,-3.207932120404508,2
7136,1.666009766425319,3
7620,4.378677348574446,1
2090,0.10757520313437091,2
7385,-4.669394865982509,1
6748,14.651885956122673,1
7586,3.7137400243278496,2
9019,-4.938077941586172,2
828,6.638774828282712,2
9686,-0.5719368528711786,1
1619,-4.666059624592243,2
2413,5.336940055321869,1
2409,-7.862341465952939,0
6934,4.958373021350822,1
9512,-0.697110869908995,1
4359,-6.344260233286698,2
4010,4.333387316807826,1
128,6.569523503978976,2
2503,3.420619721627659,2
1702,-3.646112039381138,1
7372,9.938842204496455,1
9664,-0.21032430393578316,3
9529,4.6898852190677855,3
434,4.443761340279977,1
6073,-1.5444654484863012,2
2252,-5.498294191795693,2
4000,0.21625922940591735,2
2306,-10.333009325682902,1
9623,-2.0157078501026473,1
3781,-0.743854198569835,1
9045,1.31056882407356,1
266,-10.30571787881395,1
1011,3.7161411576270833,1
2352,-11.792239809236884,2
588,5.932250518451738,1
7613,-0.7288694192441147,1
4050,6.036942779240695,0
7172,-9.108695450855937,2
2416,-1.9440079028082238,1
1156,0.906068190987646,0
4454,3.084062764234722,1
2782,11.770741605891294,2
5668,-8.104879271582607,0
3918,15.406961238093036,1
4596,-0.23801249710962646,1
6486,-0.0017399121654462224,1
969,0.043603448075786755,0
2292,8.31307760696122,2
5940,5.547521137773886,2
6742,6.867856594860321,2
1211,-4.668721646171634,2
744,4.642800350734745,2
7440,-5.308995169700763,3
4351,-5.646871828845279,2
5871,-7.139863756255426,0
2712,1.4868613466139133,1
4430,22.57367200733122,2
4698,-8.035659283056276,3
286,9.508063080081085,1
654,2.735501536534284,3
4143,-4.719768576174842,1
3523,-0.4667728513359992,2
3708,0.036483209404525985,2
1825,0.4650525065445308,1
6012,-1.7144513069494072,2
7174,1.3964276308258927,2
1681,3.3201277714035835,1
7320,3.1980646636597605,1
83,3.548947424723505,2
7944,8.868112793396739,0
8736,-3.2709349936054255,3
2825,7.832324447170691,3
2386,-3.4415622344694117,0
2148,-5.962605183459555,2
9347,4.4319247404328825,2
3144,4.902096917336766,1
3302,13.84961883921513,2
5570,-0.8859811874463106,0
5924,-6.00016686143119,2
7570,16.6320896877392,1
91,-2.2696533632817966,1
7154,7.358025770240884,1
2654,6.526739038980522,2
1715,6.472267633124132,1
8594,-7.300078745945225,2
9040,-6.845161767074127,2
5766,4.342206804363569,0
3094,5.436961528847807,2
9303,-1.742133870703721,1
3171,-2.331844601609355,3
3378,-4.162439330002915,3
8992,-8.418200259544877,1
9579,1.2663540639420225,1
2879,2.129249184545004,1
505,11.382388799293677,1
101,-4.620541838050485,1
2889,7.627891633457325,1
5867,6.181686279730256,1
4575,-0.5820526594711884,3
1227,-6.363896157400306,2
7947,2.0774804124212016,2
6777,3.9603906344202633,0
214,6.244959753536821,0
1392,-4.370184280224729,2
5503,-6.388021975709661,1
4602,-2.0911459980202296,2
7375,-1.7137325162570682,3
8232,2.8489920296484597,2
3962,0.24494980340011918,1
1263,10.499489167591687,3
3335,5.349907296202787,2
7722,-6.458613703476879,2
9467,1.045199379605956,2
6040,-7.922170556095707,1
124,14.019290301691559,2
9539,2.6107231309095447,2
9050,3.477695067555847,0
8028,1.9630564035595566,1
565,-4.0007490404879285,0
1129,-1.318405314414071,1
8613,-4.109196226507247,2
78,-5.6757441800784765,1
9175,-0.19521253205719868,1
4691,-5.6631823080130985,2
4774,5.68717623942463,1
8350,3.341749921174199,2
8692,-9.75382537366901,3
8023,-6.769834479585345,1
4982,-4.720942250168079,0
7772,-9.827365605953357,3
2517,-6.158369001335102,1
8224,1.3554934388569115,0
3609,6.966852802318348,1
4363,3.3179002073969315,1
4389,2.9931193291929477,2
7838,0.682127843557735,1
3923,4.641232304815439,3
1389,-6.261259767569979,2
1519,0.972528550368142,2
7824,4.090285728205204,1
5815,10.149631651144704,2
4552,6.088270818525838,2
1235,8.61068961115608,2
6049,-4.606011277467309,1
9350,2.056229669647669,1
3465,-4.44232406160511,0
1994,10.57831212262279,3
4998,-6.165994277652848,1
3588,-1.3680431483796562,2
8773,-0.3887668095457574,1
8769,15.49193334466252,1
4329,-2.6446961215098326,1
7374,8.819012852276927,0
8277,8.015837451597637,3
5636,-5.216096599808688,2
3167,-0.3454445131123933,1
5744,-4.664868610521537,1
314,-2.9305936235155357,1
6253,3.903857879912416,0
7832,-7.449289892430485,1
22,-7.651105660341349,2
8437,0.20476050049523176,2
4507,0.245652913297977,3
8108,-5.663950084778398,1
3240,-6.885728885467728,1
4127,2.6421131338967747,0
4793,-0.7623499733073146,0
2243,5.669550654335582,2
9274,-6.064983792359076,2
2771,-5.264618992575927,0
3573,-4.736839453097482,3
5335,-4.049690168224824,0
8770,-2.1532949504167376,2
10,-10.131478990199968,3
5161,-8.816414955054308,1
8387,0.037357769290256915,1
5868,2.737430541888167,1
3893,-3.997924896483794,2
4795,1.0219452413794428,2
5268,12.403151983898931,1
1545,7.494965660958779,2
8854,-4.6454191056292125,2
4941,-0.6293595117272854,2
2308,3.1291194919817964,2
3527,-4.535790310885296,2
8867,3.3559660565985947,2
5761,2.935810800837118,2
6446,0.06059885549701027,2
8760,6.112033461791645,0
602,6.5719469342739405,2
5984,-1.8409263066264017,1
9069,0.02272080485695427,1
3468,4.49825204467224,2
8083,5.402950299628024,2
5772,3.5475815999268727,3
8360,12.217095664320071,2
8245,-5.136664796435757,1
8416,-4.879171770825602,2
3176,7.231640582703551,2
2707,-2.0600288759481145,3
3919,-0.30243869014108427,3
4472,-6.46201192005966,1
7650,5.092858100891119,1
3331,-4.4998325080355785,0
5552,9.152414668365202,2
5949,0.9407479227523226,1
7723,-6.661666772973442,2
5773,1.2636243370656448,2
1385,-10.693579580944954,2
436,10.19237442308733,1
988,17.903068548945132,2
8034,3.351038570073274,0
4406,11.273479624347898,1
6208,2.921145102483997,3
9594,-7.1570090108347175,1
47,4.698648334734041,2
6737,-5.161813996529926,2
7736,6.699204987359337,2
4610,2.3485552523466953,1
8239,-6.5054555419058016,1
5088,-9.116429065427027,2
8506,-6.2353948858620445,1
6058,2.172678979272928,2
6916,6.87853243053161,2
1648,5.232691084871817,1
7534,-3.0321238915214006,1
224,7.034965233553643,3
3294,-1.5825618820281417,1
757,3.410227542700091,3
3037,-6.345144082622317,1
2690,4.291196794884965,1
219,0.08268262599808462,1
5864,-6.108261879166728,0
1743,-9.817854264884529,3
7874,16.49826536403092,3
1919,0.5365607484995691,3
9682,6.24139503282362,0
7262,3.907907910154411,0
6891,-7.772777930795032,2
4212,-8.431508999808843,1
5418,-4.832838809535634,0
8182,-2.7193254910512077,2
1444,-7.891710024398527,1
6865,5.8897711840250695,1
3072,-0.44514769249538855,2
9072,2.8125960104885923,1
3623,-5.663076164342801,2
2573,-7.893844703135276,1
4763,-2.8592617282152584,1
7903,15.003152912744767,3
1452,12.016673107555727,2
1543,0.0977057437209653,1
6791,-5.766102028534139,2
8525,-4.426302932347851,1
822,-0.11690246185974268,2
3169,2.963984392132782,1
210,6.742082593494699,1
6712,6.937094949651928,1
7051,6.271204452828215,2
4837,9.454944552691817,1
73,7.367222922534599,1
8762,-0.9165353240686909,1
8894,-8.544163248853284,2
6844,-3.357324817565372,1
5193,6.686684149921644,0
5760,9.010663127198772,1
4103,-5.118081222564346,2
2540,4.405250462008574,1
568,-6.455555120871943,3
6871,-5.477194415136122,1
150,7.156105548149615,2
7171,2.875629177050553,2
1440,-5.750640729667833,0
5635,0.010476145403899184,2
3475,-0.01513023116041734,1
3576,2.8171173050059344,0
5219,-5.5109693354089,2
3990,-2.545647984274384,2
7176,3.335329078179798,2
6577,4.064649275802527,1
9775,14.459688425302547,0
9723,10.002698686135773,1
9923,-2.0099403977627395,0
6457,3.611414284864214,2
504,-7.7369467090379445,2
7016,5.753805933655855,2
5684,0.49509057230455356,3
516,5.4382683848735365,3
977,-4.3185965708425105,1
2908,11.742019810543589,2
7254,-3.638892669998182,2
5097,-4.779606146666196,2
9908,-2.128780584592109,0
973,5.535418379300472,1
2967,0.15357126676948352,1
4887,1.4210337513389195,1
3092,1.7681870169943756,2
1503,-5.386487143339476,1
3820,-8.61397298393446,1
4686,-2.819897780892961,1
8217,2.0822069257710725,2
198,-4.540139090610222,1
2293,-5.816220554881461,0
6846,-7.912938017639433,1
6799,8.897137713614061,1
9903,1.0463513926979888,1
993,5.718607049289055,0
7247,4.3605731458128965,1
6854,7.055729112761886,1
9329,7.699458846065781,2
5929,4.213820653290026,0
2200,-3.1620498224750095,1
5396,-3.309769847921206,1
1266,-6.885024534612368,2
9158,2.597038194959416,3
7447,-4.986191006721871,2
8725,5.890236245419178,2
1334,6.371277958361819,3
3537,4.337886196697176,1
7643,-2.921532678190007,1
5464,8.441848913108654,1
2995,-5.618645800818745,3
8861,0.8756654285551104,1
1065,5.629979113391197,1
2180,4.346452806662779,3
7192,-3.6476268914244985,0
8989,6.1950133181589315,2
6245,-0.16405130791918476,2
4783,7.786927257648846,3
6815,5.656331894423098,1
6010,-10.561289541053,1
3334,19.1195912145187,2
6675,-0.47519811217419705,2
2384,3.060796246489075,2
8446,10.652885706254574,1
3237,10.529265983789083,2
826,6.229167877129266,1
7787,2.5637691999456487,2
1510,6.9560783508204285,1
3145,-8.113259448095075,0
3050,-0.78468734473944,3
2946,-1.418792367589879,1
9054,1.0752700155426718,1
9103,5.40695821407385,3
9946,8.745820494796073,1
6082,-10.511764079611446,0
6975,-2.9705515670940663,2
8906,-6.281087131884423,2
574,0.9976917422503482,3
800,2.3705302116105917,2
655,0.5393464861719872,1
3865,5.4417619233025825,1
2747,-6.619104846935539,1
3085,6.926322559792266,0
8487,6.562449525164033,1
8033,5.1722213418014995,2
6139,14.271727614478428,1
815,-5.659402673547392,1
2229,-1.7211033202530681,3
8049,-0.9458530098912643,3
9179,2.806401725637559,1
4166,5.335933368769535,1
5473,-7.4359097469383695,2
5695,-6.198905959859068,1
8577,4.434185373084681,2
6574,4.598169363599281,3
5716,-3.405653043438049,1
2362,-5.254156795111013,2
17,4.279315089821344,2
7114,9.645163215857487,1
9332,8.80391508831008,1
448,9.866748469877033,2
6035,-1.6047645095696308,1
7452,-0.053700621916098035,1
9447,-2.4436547248943112,2
6326,6.026486417127966,2
6093,9.805503461503582,1
8625,5.429557690279516,0
4759,16.130993181572514,1
3235,-1.3730850250837383,2
2511,-3.0887028391340294,2
7707,-6.2941220425875395,2
5502,-4.046863351522792,2
7677,18.942969443230883,2
6996,3.562291208302479,3
7747,-0.2766647106301819,3
4811,0.300038670891842,1
9392,-1.213586308536502,2
7146,14.414904187389912,1
2861,-6.205606933296321,2
1281,1.9650169476895167,1
7548,-8.196958170739583,2
3635,-4.545375236770258,1
9333,-5.322112178873554,2
4223,9.80967108429955,2
1488,-6.0014328452574786,1
2435,8.374432549006787,2
2066,-3.331475829369084,0
8153,0.8170983458348642,1
9663,1.3853239744083696,1
6686,5.388403627920239,2
2954,-6.606912360002118,2
870,7.586202682132353,1
2377,-5.069575777737537,2
5687,-6.5958630450522,3
7137,-6.016239268207819,1
1175,-11.0191429391205,2
9212,0.8923931012766579,1
6762,-7.602002674501259,1
126,10.541974200486148,2
4779,-4.506471542248812,0
2198,3.7787219909193572,2
2884,1.4522471630836715,2
719,5.574536071119527,1
9768,4.255656375788006,2
2330,2.7235057969897394,2
3665,-0.7709197978073024,1
1000,-10.696582188078578,2
1256,6.611364824666545,1
2890,-9.425657794261685,3
8167,10.38956449576733,2
3477,7.1741508327900405,1
6173,-0.27450314972339607,3
9891,2.3850966053040876,1
3464,9.853645609262218,1
9095,1.0605750985215328,1
8081,6.975798728669253,2
3984,0.570578977041917,2
8135,-6.650988695292042,1
3352,11.212665319269867,1
3516,6.1694017237473116,2
3816,1.6667588866489214,1
9713,-5.487593391723125,3
4544,-6.2691499398239365,1
4375,1.597860048689557,3
2676,7.485536909416505,3
9969,6.484348798949083,3
6719,7.784941235213009,0
7686,-0.6101298346621039,2
9703,13.756097846036807,2
9321,-8.521801037091626,1
2669,-10.31266099705224,1
7978,-8.193644989701577,1
9986,-4.689932456960083,1
4529,1.1245310605723255,0
7795,4.011398009952849,1
6624,5.267211975903244,1
8774,8.003658466067632,3
578,-4.455600549705263,1
9756,3.1185875312558893,3
9567,0.7029624137878314,2
990,13.19167155517408,3
1765,17.372718013493092,2
5068,-9.655179160136386,0
8749,4.483781808607203,1
9988,3.8940974668164015,0
161,1.4960992404084923,2
5201,0.8761559472915972,2
2718,0.1151407053433755,2
1714,14.20480144162286,0
6199,1.7588791077392327,3
472,-4.721468263760553,2
4563,-4.053813272327975,2
2670,9.090367942197854,2
7377,-9.088360162474778,3
9127,-4.510956279543045,1
4556,12.59115610702647,1
3524,3.4539065244639278,1
6571,-3.196568538352849,2
6649,0.32131192316558344,0
6118,4.303212286238852,3
1269,3.0268962774310557,1
7164,-6.990542968780458,2
657,-8.237385142395578,0
897,10.754678083231655,2
1572,4.7289231928502815,1
7624,-4.473230622571522,1
251,-5.198780502143343,2
6254,-7.376753709146701,2
7441,2.087725714283177,1
2421,-3.606344056283846,1
9324,7.4933599682988365,1
1309,-11.945151976643167,0
2504,1.7145947130809143,1
6459,-3.2519878907975066,3
3948,-8.673222998286226,1
909,-4.756654760614227,1
8571,5.589902236667311,2
9589,0.5413397736637409,1
8607,-6.370726267246631,2
6827,-7.940116088885545,1
7190,-8.090197244160697,2
4947,16.814927429408847,3
9130,-2.8203693611856218,1
5149,-5.275117913619298,1
4489,8.435889238561156,0
5510,1.1709449787636523,2
6589,-10.575696441874536,1
3630,4.5170352622871786,1
8803,0.44074742579382353,3
2174,-5.431486810613749,1
7475,-9.54329032987018,2
6688,0.9565856681877571,2
3833,12.03278604441234,2
7819,5.981243861608036,2
4040,7.170335098651544,1
4440,9.452250024575228,1
4287,-6.0270457192118245,1
9033,-3.670224012621382,2
3714,2.115443602142082,1
1063,5.0842608333971935,1
1548,-8.359496344217009,1
2437,2.3864319800514946,1
4808,-1.9862346600055099,2
7021,-8.129703886382115,2
2209,4.245031151715171,1
9801,-5.870808688523787,1
1518,2.6131339654436454,3
8845,-6.3006510815728385,2
3931,3.3737308411789844,3
6325,-7.363335409410346,3
7619,-12.39545268172418,3
2955,17.30712388815492,0
4453,4.237106337292994,2
8535,1.5756884765632881,3
7893,10.269248314778265,2
1067,1.521937620610311,2
5432,6.0964347852842735,1
5648,4.594585488604299,2
9107,2.502648808860531,2
1139,9.900355804146114,1
8465,4.767657588388266,2
8274,-4.638280965980218,1
6112,-5.625665107668729,1
1010,1.4265827054363185,1
1685,5.614461710573441,2
3826,-9.216342826813914,2
975,-2.5447642341560384,1
1944,4.540216456490734,1
9982,-11.282024727543513,3
240,-3.7456124096476637,1
8600,-5.860433897377083,1
8289,0.6592235162631914,3
2752,-4.407269252514272,0
3624,13.955713522533022,2
6925,2.57362080331571,0
3805,9.85982967243235,2
4707,3.721637921745219,1
3183,1.5075438772602912,1
9222,0.8254157553165342,1
5725,-1.1200046776090684,2
3510,27.645031378074684,1
2641,4.249819546483925,1
4969,0.48654577761778306,2
948,-6.183790102876241,2
5015,8.341131907670544,2
2474,-9.35157143392081,1
3927,10.278613704838467,3
6677,-9.71555616147128,1
8954,8.981936524429685,1
4471,-7.561561816105096,2
8091,-0.7943510852336005,2
2909,5.949996425068001,0
5218,-4.59639978272023,2
1756,-4.653645441220935,0
7694,2.2484149527115607,2
295,6.169683073715136,1
7472,-8.657013707101425,2
9234,-9.352476205736503,3
7129,1.9308734297938188,0
2754,12.46228955874421,3
8980,-8.228515899103101,2
5187,-0.9023207327980671,2
100,1.9793033627215406,1
137,-6.456905687111837,1
1535,2.8669497824747294,2
1679,-4.438897619608075,1
5520,0.654015171429116,3
503,14.33684332786811,1
2411,-3.5741396478652394,2
1073,10.059987820358199,3
9927,3.122308803793345,1
6309,-5.954901916868122,1
9421,5.612313659546201,2
5728,4.3620208944607946,2
2388,8.610121306465912,1
6387,2.3831923085848645,2
5947,2.0876115660792838,1
261,-4.2177161103141,0
5726,-7.942436757987851,2
4259,-3.7339256348985246,3
8207,0.928730489813007,2
4437,-6.485925309260813,0
6626,4.563986765839392,2
1885,6.2124708147631225,1
7094,-0.07742537611193312,2
3997,-2.9977915375789346,1
6000,5.213339322586448,1
344,2.8903742647326833,2
8268,-2.6357431254226005,2
6696,10.796539125509549,2
3513,6.399018990237937,2
4581,11.813131477269868,2
5239,-1.8376859107538712,1
1141,4.96255186155191,1
1434,1.9963678473546302,1
8071,-3.227946022637836,1
5638,-0.5839068196590742,2
891,3.70153494104846,0
7462,-4.437556591017641,2
1804,5.743378515920613,3
944,-3.3240431130734502,3
9619,0.04240347031016478,1
730,6.807606234934877,3
4714,3.1178308772573944,1
5764,-6.782894135839128,2
5106,3.3087767808758155,0
4191,3.507005614735407,3
8434,5.6494543302882265,2
1267,6.503738744817946,0
1749,6.896816860099895,2
4597,4.854608887858735,2
4198,-1.57643846998727,2
7823,8.314930702444288,1
8909,-1.8337332021326884,1
1205,0.34378545136383143,1
5251,0.9402071576851534,1
2049,8.124921767048416,2
3314,3.3359511220361258,2
3978,4.172300047159432,3
3321,-5.851858949269566,0
5306,-5.559642776147814,2
8162,2.6227854778437174,0
5724,-2.90623957669038,3
5108,-0.7332315139168175,1
6044,-6.397794822883917,1
1325,13.081689976004826,2
9219,8.635347742915327,2
738,7.594278829821215,2
272,7.813039112123938,1
9671,0.6714305102511979,2
7750,-7.663286705719322,1
9501,-4.800262422070562,2
347,-6.682572575937366,1
1947,9.856642600361432,3
5350,4.253015228484605,1
3611,-6.053528917046083,1
5923,-7.309494317514475,3
2300,0.9363432779157344,0
1986,7.986952066849363,3
8129,-6.496897630533495,0
5479,-3.151121778163075,2
720,4.3329763905481435,3
2900,-7.733442829951738,2
7941,-8.403727959660925,0
4716,1.8593108482559244,2
4115,-5.633054057825557,1
6242,1.0704513958333297,2
6143,-4.50527645002566,3
7802,7.705307726381733,3
186,-4.514376073369343,1
3369,-1.3163619322759668,3
6314,2.128802956281465,3
885,8.490467381373193,2
5093,-1.9829960172965186,0
1941,-1.6689920777555765,0
8241,-6.86057883811257,2
8842,-7.0844846927531355,2
6644,2.950115683877207,1
901,4.982734722032378,1
4498,8.344126584617316,2
9614,2.9408874796108107,2
4160,2.5657519119459735,2
4029,-2.7326292581154927,0
7631,12.96837267582752,1
913,-6.971014727081663,2
7540,-4.893963287059556,0
4130,-0.39040185179523723,3
887,7.424467353708963,1
7531,2.6291648884605356,1
7486,6.74367757025588,0
9018,-7.281347188442522,1
7710,4.00381311001645,0
9769,7.349708558529236,2
9585,-2.1032621661100857,1
7325,-4.460322476124484,2
3913,-5.348476237994992,1
3835,-3.2701518988214904,3
9813,2.0651613030529967,1
3200,5.670806508169544,2
7550,6.482745767045726,0
1492,-4.577621825566784,1
419,-8.5576130461917,3
1360,2.969526149806028,2
7373,1.2882193616192819,2
9465,-9.686823530815195,0
8963,6.217716119366204,0
3372,8.272036319309162,2
8325,-4.54881498152962,1
1508,-7.109310971212041,1
7376,-8.582282728598958,3
4228,7.494339678308913,3
5887,3.234048351860803,1
6885,-3.574031170190346,0
3819,12.311256070920727,1
5186,1.7034302889915323,2
3618,3.7337571582168576,0
3750,10.172157053079392,0
1070,0.03374694522184862,1
2359,0.6098765981689299,0
2453,3.3727065724349394,0
8320,4.560882363238408,1
3559,0.22458141608134996,3
6728,-6.829666982258257,1
964,2.1327070626724107,0
7369,2.580420027981741,3
2742,4.95749934141277,1
1481,9.56692594247759,2
2186,0.5432105548830635,2
6135,3.065321665191329,2
2708,8.989262227384696,1
9432,7.9086097174924515,2
2512,4.877769423930242,1
9951,-6.394335378460763,3
7591,5.656545655386984,2
9209,-2.665658275739137,1
517,-2.7767862715071057,2
7503,2.2736973721361857,1
4523,-2.9017867343185277,1
4593,5.830369088029274,2
1173,8.506010473443082,2
4015,-4.399081943241953,2
7798,-3.002792689088677,1
4858,-2.050866119919518,2
8604,1.5050005544040117,2
6022,3.5005680119747558,2
959,10.763392865664414,3
2481,6.058659545974755,2
3190,-1.6985731617364417,3
4630,-0.6849744825985948,2
6590,2.510572132307631,2
7674,20.787627547437154,0
197,-3.582453530612103,3
8620,2.748496311872979,1
2363,2.7553478425575992,1
5833,7.955476969306496,1
4341,-1.0232700588240704,0
9841,6.672865442669612,2
7516,9.228889906727234,2
838,5.09810888588779,3
3530,-2.2583462450093883,1
3592,1.361823443876826,2
4113,-8.719097416056735,2
1868,14.829580172907177,2
4514,0.7819560441312476,3
5804,6.235348609871268,3
9312,-1.4264088250872233,1
4826,-0.14414323805449858,1
3937,4.28112003123443,1
3047,-6.685451945044183,2
5723,4.499226306419217,1
95,-6.023389644086226,3
9750,-4.600371374537688,3
5058,-4.501283635099069,3
6268,-1.4401227289577414,2
8109,4.547754987439806,1
8688,-6.091288627162553,0
4435,-6.210364262182573,0
6372,8.35557307432294,3
7163,-10.27492914113056,1
1665,2.4492339863868087,2
9285,-3.583919772710185,2
797,-1.4786380356579885,0
5514,2.0365328781513936,2
7507,4.003526663092468,2
3852,19.94938617967695,3
3146,0.4834008381334176,2
1615,6.564983349304599,2
7259,-7.5301532553809665,2
3930,3.281857379140157,1
5667,4.719338420073535,0
3113,4.345162201379982,2
3295,-7.750469409013623,3
8591,6.948836556059325,1
3076,-6.505500145600486,1
9049,-2.527383115301451,2
2639,2.4847795535290045,1
336,-1.0424259288035165,1
9821,-2.760421515699047,3
6438,0.9889604234132587,1
6550,6.782207130373365,1
3035,-0.9851746980921066,2
39,0.4661524885615882,1
5085,15.298411378925612,1
5485,-2.425144078614742,1
134,-7.28304416256593,2
6212,-3.6836808780138313,2
1684,-6.852209580958602,1
8377,6.642041238913453,2
3165,4.579837484764266,1
55,6.505629639653767,1
6689,9.042419698110855,1
6905,-3.4387874253006157,2
9270,-3.1239988155248604,2
1808,3.3286168624200054,2
8572,5.119843349195967,0
4617,1.3540708346526706,2
9200,4.804863180432277,1
6596,7.853718135516065,0
285,14.681255499143694,1
7790,4.839174689017496,2
8195,3.100937805991517,3
1562,5.173436235474011,0
1493,1.7420763484927306,2
2648,-2.4149469177869163,2
1016,-4.012477521775056,3
5609,4.851243492422278,1
234,2.8806789592393307,2
731,1.3421175611949758,1
4864,4.135581642353287,1
5484,5.235420839824547,0
9676,-8.893704474142623,2
4158,9.598272182385191,2
7700,5.5490821806382575,0
9440,5.863333508347786,1
2830,1.8741827449133188,1
7057,-6.628109204844662,2
8652,-7.812983666727675,2
9322,6.01408954798548,0
9337,6.175189174139261,2
8221,12.965215582633137,2
4671,22.203217167691967,1
8610,-6.067795940257862,2
7149,6.884172552417217,1
5411,-8.349817476254112,0
7102,22.519331129850677,1
4492,5.816070440757249,2
1626,-2.6972804213189647,1
9256,0.837923499278326,2
7505,5.0537076035290625,2
9716,-7.191743728998471,2
7224,-1.3420210548800502,2
4665,5.471946097085128,2
4564,-9.596559740114968,1
6276,2.703397194717709,3
1128,-0.786629712071826,0
8981,11.405266022885288,1
2348,0.9626671671571412,2
1200,2.33640579674371,2
6734,-6.152101073210583,1
7058,-4.748192903872031,2
1995,2.2663091513379983,1
4533,6.247346794731493,1
599,8.309770094952151,2
9905,5.499379021134304,3
2199,3.1524605141946136,0
7616,-5.964568708579395,0
4869,-8.29108630552133,2
2510,9.929818670317747,2
7100,14.028638387782149,3
6813,-2.684295497410711,2
9066,6.057932820468995,1
4317,-6.5985470757110605,0
7657,6.526183748297411,2
9959,1.2439757845182862,3
7752,20.112585026661677,2
3296,-1.7396016149176283,2
7889,-1.4304037918655461,2
8660,-9.1129577243754,1
2777,11.645735559725166,2
2176,-5.821415668005247,2
4364,2.821028487595491,2
1981,2.6997907047755563,0
9632,-5.296749533122554,3
865,6.095712279095663,0
1198,3.3520111651109916,2
5091,10.396216844215424,2
9808,4.139205609971466,2
9651,6.259093646328839,2
1076,11.69575151133413,2
7785,-6.985183350440769,1
395,3.8851883618175314,1
7483,3.7604043342699582,2
6220,-3.9741218113656505,3
3655,-0.1951329894419766,2
248,3.887672983456972,1
5165,-7.451635875407181,3
7604,7.769231731191931,1
5933,5.994339047728652,1
5103,7.899173464114829,1
8686,17.349721743316803,2
8890,3.8931231940093696,2
2290,3.027924884940087,1
4876,-8.10102164478396,1
4854,6.425567131998514,2
6330,-10.98949302704376,2
2527,-1.1128272403122392,2
741,-6.81140384906456,1
8779,-0.5192521989426795,2
6863,15.791498285098928,1
7497,-4.5613433723967685,2
9117,-4.777487435599215,2
120,-6.361769310425003,2
9770,-6.418550954710342,0
5509,0.22193275275387525,0
8793,1.9776171448445814,2
5532,-0.7681439895264208,0
2076,-2.657950527783181,3
537,8.335735150967794,1
7086,5.785016199764888,1
2859,-0.3283439710852665,1
2975,3.8848337841059646,1
9428,-0.33473902381428333,2
7911,-3.327515446283187,1
1635,-0.18568226690738832,1
8820,6.4003513669857535,1
3333,10.455339224202554,2
4797,-8.381141213869913,2
6545,0.12582638668224266,1
4357,-4.470527472659331,2
9144,-6.662049950168072,2
6251,-1.125144846544851,2
1240,12.595690314858526,3
1465,4.761020834152199,1
2040,8.516789959937903,3
4253,6.570206855082317,0
3274,-3.360623010343492,2
4473,1.3577517921234743,2
68,6.257276570705999,1
3563,3.196893913759727,1
473,2.2249548168692064,2
2074,2.2691788291312385,1
3646,3.5470264289416185,3
1100,4.500730329701597,1
1340,-0.691379788976302,3
1387,13.229286527872654,2
7877,17.459051887668124,1
415,5.8438669299317025,1
3600,2.4790283456807467,3
7105,12.577300209079743,1
2132,-4.648885664582744,0
5360,-1.0333208399429799,1
1080,-3.773679583894797,2
6572,2.14738033816254,2
1253,5.115912056371205,2
1824,6.514489702028206,1
1419,17.134587096828163,1
7413,2.504973239560405,3
923,7.8199726178429385,2
9266,4.102134871785083,1
9656,17.91903186713371,2
8263,2.5311341779282497,1
7363,-7.088594585234435,2
2091,-1.387980198194672,1
8626,7.817579325969032,1
7050,-10.37603481063805,3
986,8.72198360122799,0
4044,9.949354293327891,2
5898,1.29453457853388,2
3634,-0.706858902016037,3
238,11.752410217538264,1
9374,13.176345685168384,3
7754,-2.89309382900812,2
3961,10.297489802014926,1
5557,-1.7861123638184575,2
6873,-7.487778415942222,2
6826,-4.883138239928746,2
6685,-1.2826287905509468,1
3479,13.695320421636637,2
3702,3.093422750522568,1
4769,21.67063936773249,3
5351,-2.8685567940117336,2
4883,3.7730427683333643,1
7257,-4.803563616856172,0
3680,8.576904263711036,2
7368,11.953592384418535,2
2767,-6.939090492381453,2
9975,11.372655704061765,3
26,-4.517273227944611,1
8264,4.554308737329627,2
6674,-0.5961914292012744,2
9557,-12.214147865274006,1
340,6.249913439446206,1
5993,-7.945970759543435,0
5501,-4.7523727553944255,3
4877,2.430355757777526,2
5232,11.92124893309575,2
5876,-2.8294850134376746,2
2874,8.112194528216804,0
7235,6.976316791428768,2
8419,-7.996484924860656,1
3901,9.539580792378596,1
3293,-5.648544875937894,0
4233,-1.8905406275229755,2
2694,3.002606218932353,2
2393,2.2782112091883704,1
7127,-2.006191587122338,1
2127,9.346400174030801,0
8831,3.725641974358971,1
1428,-6.503492450113269,1
149,-7.1117253067718185,1
3605,5.089680280029153,2
6338,-0.9487135305197654,0
4121,-6.705686842417826,2
8915,3.40098552611944,2
3339,6.276360361041393,0
4897,-8.184760451174544,1
3801,3.2600944133087713,2
8892,4.055514592028804,2
6693,-6.043482277154175,0
726,1.4025299471647543,2
8678,-5.90805646687291,1
4842,-4.162875749197564,2
7884,3.001844400800396,2
972,4.996034697958999,2
7091,4.437703929674232,3
2838,-0.10688981973150247,2
8142,-1.849806088666678,2
4560,11.10301204412325,2
2465,6.587544867509672,2
6593,-4.484551230777522,3
1662,-3.2805278150687953,1
8396,5.155587319095846,1
9211,0.5148657117938837,1
5877,9.944511208058808,3
189,8.706789779830206,1
1620,-0.7715723277837796,2
5581,7.987282234145728,2
4414,1.3942813949337567,2
7728,3.4525058144685308,2
1970,9.868821486120428,2
3323,6.294923113604984,2
7776,-6.85518303837748,0
8321,2.9243426619352384,1
5841,-0.11896953316956638,2
1631,3.4333536593324356,2
9163,4.693949539621719,2
5395,7.942992744106,2
2705,-8.048578296986578,2
1553,-2.8783787536584686,2
2826,6.1775938667447114,1
4181,1.7381002975530904,2
188,2.792902177125441,1
4367,6.653164806851703,0
1735,10.96468976941771,0
5329,4.795624043986102,1
3412,12.280395996155915,1
3994,-3.376154148614663,3
3898,1.2185392121839915,1
9473,-5.237108208694596,1
365,-2.0150045896761517,3
7479,5.8805090593693565,1
29,5.102732145063349,2
3437,-2.128525942766326,1
8941,3.5797857438617706,0
8574,-1.1835849609296736,3
2138,-1.8419099096143106,2
8543,3.8303669389564545,0
7042,-4.691731245100825,2
9383,8.928876701103357,1
2544,-1.0069188330898022,0
3480,-8.206100578139033,3
4866,-3.3018460939733125,2
1602,5.321379460009441,2
5000,3.0519969492580215,2
8363,9.90567644717274,1
7931,7.927238632421413,1
4653,1.5063274576903418,2
7463,-1.5383876654502238,1
4005,3.072066749810867,2
193,-6.5696197039106,1
3029,-3.4022799491162026,3
7495,-2.629178777450027,3
8933,21.731393446914257,0
7478,-5.963283268296395,0
9155,-7.212472759323375,2
2905,23.01108033132082,2
7669,-5.050142545414301,2
4955,15.542929471543955,2
5727,-1.3075137903275351,3
2924,4.602406262743601,0
2269,-5.116780522238152,1
4174,-3.748437800380925,2
7927,-3.7337332826756255,2
5550,-1.0493255901615741,0
3832,2.471313882697393,1
8710,9.219557349250895,3
9176,-4.456793008279058,1
5542,-6.7590349985314955,1
4090,2.937157461857297,0
7344,5.142912150461347,1
6426,0.907120477216818,0
848,0.977866291149041,1
1279,-7.793191841223976,0
5213,6.267463358797752,3
3470,0.978709666087365,2
4909,5.876166615915162,3
2267,10.475447811442947,0
1638,8.267543964754555,1
6004,18.662039573853082,2
5523,6.224700141919397,2
1920,11.213004700031892,2
9015,-6.492483937193921,2
5132,6.726602519051072,1
9180,4.872576439623432,1
4911,14.630126705330891,2
1153,12.220681349274823,2
2353,1.1148946373210866,0
2097,3.478642630338228,2
9439,16.48865895382204,2
4787,7.814154705982522,0
6293,-9.826098757619178,1
469,15.217692485426857,2
978,6.425972754024757,1
3541,0.5894376682171623,1
9670,1.4392811087915902,1
3292,12.190848137610082,1
2851,4.467904330753159,2
8259,-1.493049565726551,1
6448,-3.6571008860741974,2
9335,4.506277646514,2
6464,0.21332508082990675,1
8900,18.07247014630304,1
7456,1.9435421253381198,3
2366,7.487477149297236,1
9528,-2.6644800599127643,0
4954,11.301466988077324,1
3965,-3.6821369592778757,1
439,5.926856101308976,3
6733,-9.404928008746193,3
3395,-3.9828906116877043,2
9080,-5.9279372364038485,1
377,4.874198466051043,1
4892,-1.7546327433956748,3
4933,6.887115023849297,1
3223,-7.370381948805909,1
9166,1.837926080489179,2
417,-8.365339974927224,0
9442,3.3443449035565918,1
8975,1.807183816612383,0
281,-0.06625009314592534,2
217,-3.2429998860097493,2
115,-6.266808020064612,2
2688,5.650226956504123,2
9038,14.336481732982435,1
3015,-4.073803405923571,2
4401,5.72204692343011,1
7438,-5.8987789589862185,2
4151,2.589999006189639,0
1217,-1.8074530156600757,1
1565,-0.41245394213256686,1
5738,-0.413043527852041,2
3766,4.723334206422626,2
5884,4.8008761838878815,1
708,-1.9868610119884136,3
2429,2.3708712469809177,1
1642,-0.13083333585188472,2
5408,2.050729468070458,2
2926,-8.32829593416162,2
3813,2.9762939628751757,2
5364,5.108783942645083,2
19,3.193460840965672,0
7243,9.134934830949792,2
3381,0.43275080463223725,2
6001,-3.993116331106378,1
524,-3.961209270880163,1
1523,9.165561445075006,1
6397,-0.9674977413411825,1
3116,-7.293900428957452,2
5693,-2.963201373827371,2
2996,7.746258112525213,1
6458,20.537715642165836,2
794,-8.34750878765552,2
2067,7.53726290805297,3
714,0.6031400039886405,2
7395,6.790871199574663,1
4824,-7.006871210974411,1
9760,-9.093699363020354,0
4410,2.1253942171697986,3
7971,-0.9933211261330523,0
6812,5.591557636086476,2
3743,7.123928184028816,3
8271,1.442171171372082,2
3229,11.39076351216446,2
6927,-8.316803206087076,1
2539,-8.040792049186132,1
6722,1.576682226493571,0
1027,2.7918789487897886,3
9364,-5.6317426518759985,2
3024,5.643893547886085,0
7241,9.547423928804154,2
1184,-3.7588556269788747,3
6116,-5.635010316006822,2
7090,-6.661575920127662,1
3864,-8.107757117332671,2
3531,4.033691179062719,1
2043,1.3145279577900864,3
6061,3.0888239612143327,1
6655,-4.16980971619847,1
577,-5.021807286178309,2
9295,-6.3903968605511094,1
1588,-0.2569576640736295,2
8189,-6.89612815694024,1
71,7.088188285225662,3
1310,10.729474168567725,2
8359,11.1148310727965,2
4313,-7.065499152532505,0
4989,-5.6587877858347575,2
3877,13.73413997532537,0
7011,4.384004870096643,2
8877,3.7710149616617974,2
5144,1.6459824904350782,2
4459,0.5173447232910389,1
4195,3.9871721830571643,1
3983,-2.103974619785831,1
9863,-5.810474493635274,3
8558,7.34550728109228,3
4570,9.86553202056794,1
7940,7.268723093039528,2
1728,-1.7335521345615177,2
6132,-1.1163838573473497,1
3562,-4.16246269144907,2
5651,4.4348902272741775,0
4904,0.6275667415663353,2
4746,13.743339322270176,2
3212,1.4823685034788348,1
2913,-0.402694827378272,0
8113,-6.723218990131485,3
1196,3.6301890876336453,0
2407,-4.954431156460363,1
9666,-5.179720798095816,1
9111,16.620103489628352,3
1794,-9.22073476607659,0
1737,2.2281076576067234,0
4461,-4.448123972406005,3
9060,-3.129025515382561,3
3964,2.7510343823475445,1
2865,-3.262820997067674,2
4210,4.3068631044720345,2
4013,-6.336666000266705,1
3482,-5.244698778649684,2
4732,10.304742475025279,2
4305,6.642339508473685,1
3745,-0.9744277828684935,0
8984,8.5497261930393,2
6443,-6.287392282911786,1
4220,-7.458718101299412,2
1460,1.953282180432746,0
2941,-4.600057009184907,2
7175,9.877258553836857,1
6111,-0.9020575981830371,2
9991,-0.7462520334235121,0
566,8.204464714498727,3
479,4.239192067205163,3
5604,2.65063050133248,1
4717,-4.1651894778395615,1
4972,8.984159184228469,1
5312,-2.0052216775416136,1
925,3.96643918532068,1
371,1.9051499310951683,2
4162,8.990972922453171,1
5107,8.676336376591468,1
2769,-0.47940888685860616,2
1599,1.8308662458266998,2
2167,3.7295693286001597,0
8636,-5.933262490455407,3
7712,10.522446241533121,1
7633,-7.538722208493253,0
2317,10.041342398889332,1
1401,-4.983625829376489,1
5546,11.361043264176939,1
1627,16.332524516769944,1
7506,3.030697937905795,2
7649,7.376943394558217,2
2939,1.87085951842855,1
7400,-0.6895061119206369,3
5991,-5.839465796950771,1
4265,6.175206391960842,0
215,-4.421717813774812,1
5934,13.766978760722637,0
5026,3.9213577851226673,2
1865,8.215065544188334,1
7293,-7.894879282444597,2
624,-5.314302473501995,1
9872,-3.1054272450705733,2
2202,15.920106796780095,1
4925,6.792379720643535,1
9714,-0.6551940424297604,1
4846,1.2723704111815084,2
2112,3.813801981675893,1
7347,1.3122171341609628,0
3975,5.328007902623285,2
3036,5.742001572919191,2
8111,0.4666189877960547,1
6943,2.3502248413450824,1
5340,2.3863021391085466,1
7360,2.695591725481859,1
4283,-9.617147076623796,2
9119,5.731191073833192,2
9537,-3.317588002039031,3
9142,7.113916606074991,2
4720,2.0705320369791953,2
8467,-2.5453990097899526,1
5582,-7.788602176506162,1
7708,-2.407021905891198,1
1353,-3.358567634991,2
7992,2.8958412210865405,1
8901,2.664975078829574,0
7648,-6.576707892073816,2
5100,8.603632275552167,2
1837,-3.0989666988755804,2
836,6.0282165548301885,1
9105,-8.123897491884803,1
7365,11.405008624421505,2
205,0.20164584212116132,3
3799,-9.555558227807362,1
4829,-7.563714754686382,1
6375,3.63686389026888,1
5659,1.2297786913202604,1
6026,5.044345904822697,1
6324,1.671465388174454,0
1323,3.117019106373533,1
750,-3.7221209448220636,1
8065,-0.6612273862925497,1
2490,-8.188216990365289,1
4891,11.094763123606803,2
7470,2.7752587163058977,1
283,2.9377337732064825,2
2740,-4.72329620088638,0
2403,-0.4254433075771349,1
3744,2.682085913943746,1
8247,-1.2546981288292418,2
2979,-3.6115220344706307,1
7718,1.7642112163960912,1
2391,-4.3089199810018926,1
7165,-7.4444829515036535,0
5894,-0.42729514209757014,2
7223,2.9199807907370827,0
1528,6.908323388036231,1
4542,14.617894587109063,1
114,-2.6056909641929886,1
8878,17.257601515810364,1
8549,-1.8680669952778768,2
2569,6.349567250794274,1
8781,3.470099950782113,2
147,-7.682570787726296,1
8887,1.0246521658495187,0
4339,6.913466404112941,2
9997,1.778619104428702,1
7311,-2.6458762886145966,2
3052,5.399047924565199,1
7099,2.2409761613424126,2
1624,1.4372286653248738,2
3957,11.296738607253502,1
4075,14.186763141077071,2
5972,6.499283363650067,1
3780,-0.5372687155066243,2
762,6.791607270659473,2
7405,-3.61936166762473,1
3441,-5.113452344909902,1
7865,1.6287370933780831,2
1394,22.97436215757672,3
6711,0.5533305082135664,1
9408,5.0711514976846015,3
132,-6.126392280704359,1
2230,6.066873894778479,2
8723,2.155713792952346,2
4517,8.504378052664311,3
7282,-0.42453372343133977,1
9426,3.056227466379611,1
4511,-1.3180937835344526,3
7332,-5.601225788070607,1
4405,-0.9107186638035838,2
2224,6.430587934310889,2
1290,-2.2273067382369707,2
1305,-1.7247410303819684,0
912,7.479978653525384,1
231,-4.72973257606122,0
3629,-3.8256892050530213,3
411,-2.3892211339538267,0
8318,-2.9985217138330373,0
3969,-0.7922602076942158,1
1608,-6.152594997243321,0
2732,-7.115848173647272,2
4754,4.810683001558955,2
4713,-4.662739767871945,3
2652,5.56781766650571,0
3505,-4.793819131731139,2
2692,1.7978773187796107,0
7450,4.392653507608593,1
3011,3.42258398966458,3
867,-2.8384737693985236,2
4966,-1.1965065369707713,1
8312,-7.594621773544085,2
1099,-5.367239136414064,0
7794,2.0430752596295028,2
2032,-2.9026625890226705,2
7031,8.800751329882011,2
1412,7.378906850867078,1
5177,7.842849953102097,2
4016,-5.144464227756188,2
8497,1.010783191875257,1
2472,-0.4119724199150028,0
2261,3.192133170447884,3
4332,16.680436695639184,1
8667,10.372820237656251,1
8503,3.6942387096972262,1
8528,9.529879918879233,1
4580,16.087708679445473,2
1096,6.4638853287974785,1
5580,-4.471818171775554,0
183,-0.501044863973553,2
1045,-5.747512505795881,2
3061,-6.058001467009747,2
1251,-8.182060954213803,1
468,2.449570080153404,0
8500,10.390786356515955,1
4767,-5.083521606645312,1
7628,-1.8137721932155277,0
6892,-8.538572738759612,1
572,0.20285926511083718,1
2912,-0.03234640099393138,1
9825,-10.094392121516808,2
6597,0.33436400093797225,2
427,5.847779403437039,1
1464,-0.919362753881048,3
3003,2.0712552258292236,3
8988,13.437336590519006,1
1110,7.342096069316075,1
9239,5.341671067363343,2
6367,-8.648417153030369,1
9485,-2.2371736498995736,3
3689,6.298870678059095,1
8916,-6.445551344396316,2
4190,2.3432160270815268,1
7290,7.953833081261696,2
7987,-0.03543975255118925,2
3320,8.96237183721678,1
5663,9.96004818030498,3
1082,5.884788907770408,1
4282,13.60908360781284,1
6315,6.239580721412236,1
3433,1.0559214386568492,2
6807,8.826636213634023,1
3493,-5.915812161055487,2
4021,-1.1231440339158292,2
5758,5.5538752967632234,3
8757,-3.4512630654618737,2
1486,-1.1007624082505387,2
1234,-7.065733086962573,1
9277,10.164321362268089,3
1149,-6.828559005834979,3
1288,4.47161451537347,2
3215,9.625264679618203,2
5301,-2.04496635310229,3
2423,5.0305660313167095,2
8695,-0.23599090370309228,2
3282,7.754642724524675,1
4587,5.609248002323504,1
4214,2.876429792177374,1
628,0.9766528382793394,2
3117,10.353131429937477,2
2244,-1.7762847959517027,2
9639,3.091790239856532,2
2095,-0.37079405918321307,2
7892,1.9615890357875896,2
1462,-1.405500387446574,2
3504,0.368003223686739,1
236,5.218697673342708,0
3290,-6.764564846558032,1
846,7.8477860665138905,2
5906,-6.717626704983746,1
7150,13.146057088462218,1
7269,8.888444610789815,2
2746,8.319545870255007,3
8170,-9.016603840896785,2
6895,-6.26351361512301,2
9675,-1.0139076293992655,2
2346,5.751695893523211,2
2931,-8.30847517593483,0
2042,9.348977688494386,1
6755,2.3816317199484613,1
9167,10.61242633003082,2
1301,-8.688238030987463,0
6988,-7.376555573821468,2
4245,9.448024617463046,1
319,-6.867023725096534,1
4280,6.517848344427957,1
7831,-6.4877921161413825,2
2916,-8.426085208750369,1
1335,1.2464057812700822,1
9261,5.575148381959269,2
695,3.793785639900157,2
8914,0.36782848473908536,3
4900,-5.433130419927959,2
3670,-4.733762470933606,2
9055,-0.8481475341459013,2
4624,2.753787771243501,0
3815,-6.978329304551207,3
7514,4.331257341964827,2
3787,3.8041907993921087,1
6935,-0.02300485820063619,1
6149,7.101327380560877,3
1199,-8.949355341149385,3
5613,-6.629388895004688,1
2786,-1.2317761890198473,1
1557,10.522657399691386,1
2964,3.0238931246062855,1
2125,4.22984978209001,1
575,-3.426124279346075,1
2390,-6.317376698593117,3
2809,3.5578908875290245,2
5549,-5.162393417417133,0
6030,-1.6834697321458383,2
4423,1.4325993412769578,3
3955,0.5297451245759497,0
1272,1.7114305309832185,2
7965,-7.290574358721184,2
1688,3.640798090074996,2
1437,-5.52219442960056,2
1328,2.2915439672222,2
2600,-6.071611736720739,0
59,-2.558647888695177,1
5832,10.530313936278453,3
4249,-6.489311826181409,1
2245,-5.982402929435192,0
3769,1.5227063799256035,1
6478,-5.934536175245244,2
3519,-7.054079730751996,2
9390,6.923492228360074,1
5334,-7.919939294453041,1
9371,-6.665066233992722,0
6018,3.712310022087281,2
8349,22.049649510723768,2
173,9.901719215789637,1
4196,-9.873556418128663,2
1081,6.813784735861974,1
5599,3.39820302088327,3
4729,15.538862644559112,1
3693,9.102460807085453,1
8340,2.1537214820511905,1
8775,-1.4269357719327886,1
8742,-2.4296998392319455,1
9182,-3.269829258364786,3
4267,-1.886679572238834,2
6138,1.0295520467123596,1
4974,7.350670286903254,0
6653,5.009318064319026,1
3109,4.016807915744912,0
5174,4.453943887077544,1
2778,-2.9508942573105585,1
7683,-4.72540705193975,3
9644,19.679333569568623,1
4179,-9.632167813972643,1
3074,8.104501843274608,1
8044,7.064028973603824,2
5013,2.5744943145677794,2
2063,-7.660805950785358,3
5712,-0.9576221430901715,2
2709,-10.953488369261386,2
2988,6.35379552923736,1
3533,1.148363721939989,2
880,0.8684357437725363,2
8256,1.1034740228511133,2
5043,-1.247285323784729,2
178,-3.435032494339143,1
6606,-6.617688865027576,2
3503,-4.885840565230059,0
5698,5.4193611216277215,1
1567,-1.343562341015498,2
7922,0.19928177002257863,3
6075,10.839399840151131,1
257,0.9167560409228728,1
830,1.3170076799697905,1
2678,-8.687440423767514,2
8674,13.39801856923339,1
4871,6.464804694844326,3
7326,1.1872943310260236,0
9804,3.8774349402905597,3
2508,0.9113200345565696,2
5290,14.593715622050297,2
6768,-10.337052263747449,1
592,3.5056390539892597,2
3717,0.7027518910716535,2
9521,-2.367485940479237,1
5380,9.669700316493348,2
9546,-1.7871436411014372,2
4751,7.491005228043279,0
7302,5.409083183851383,2
2934,-1.9181630511605716,2
9367,-1.1181672973246708,2
1406,-4.828502086849432,1
8427,-2.735368346826176,1
4574,3.244082022950529,2
4935,1.030158754528987,0
7270,2.8529769542855394,1
4613,-0.8105890555604408,2
4425,-4.910006144431507,1
8002,18.19000815419911,2
1729,6.547353445497658,0
6064,-4.547141899917628,1
2364,-0.2729658536541182,2
4675,1.8109200994549108,3
9950,-1.9848996147675624,1
3518,2.3769370316063667,1
3791,2.770613893394767,3
5854,7.5133022180397235,2
6357,-0.4938300907917399,0
2087,-8.184137039102573,3
1853,-5.319046363138119,3
8212,-9.262212887668692,0
8311,-6.81732370790196,1
4009,-1.3769199090458848,0
2331,-5.622121842195979,2
6529,9.660835962423917,0
184,11.686967246342396,2
5528,-6.540964992669982,2
5874,-9.639716873194498,1
8575,1.3654909574098364,2
5577,10.56811913815725,2
9618,4.530911412572763,2
710,-1.6905601428814572,1
2084,-0.022506827596863177,1
3678,4.552370252049788,3
1664,-6.677926215294767,0
4240,11.745354682308445,1
1516,1.82195906595084,2
1830,-1.9876034833798677,2
420,13.476748347211553,1
9948,3.790770950459768,2
4700,8.29635907389737,2
9132,6.281302573886674,1
7645,-3.210265066395154,1
8581,16.35111198021103,2
2476,2.9202603413495267,3
5494,3.3045282932678406,1
3584,22.50926357945969,1
6705,-6.596283191321196,1
30,-4.891445534360492,1
1603,7.9453573530536925,2
2313,8.444008818778006,0
2645,-5.712100854652975,1
6825,-1.7665436080465269,1
330,3.7738132676131584,2
7711,3.380862162784389,2
7636,5.194162019060311,0
4634,-0.07311404591599535,2
7634,4.865417877553813,0
1537,2.2583912906712107,2
7112,-5.049833553254222,3
8395,6.006157291556958,1
4020,1.3063135026982635,3
2592,8.309774279448911,0
7152,3.2596372677308083,1
962,7.04293423804538,2
8299,-7.259453452222114,2
3180,-10.436079424670329,1
9992,8.837642887930395,2
9145,-4.382017093933724,1
947,11.713442637314346,1
1114,-4.883642974555171,2
5182,-5.67081506042375,2
9980,7.896670227555902,2
7283,8.018777250063044,1
112,2.5098422844833417,2
6668,3.867330282359672,1
9484,-2.4308152599375754,0
6580,-6.222497177046305,2
8531,-2.3028952034725374,1
5706,4.290430411576348,2
7814,2.7174401304432982,3
2907,8.959990146940179,2
8545,14.654899737826488,1
2536,2.18637642816155,2
9490,-3.113384809017059,3
9598,4.819240217688119,1
8669,18.029944281694153,3
2297,8.36374039046029,2
8548,-0.7243980851219969,2
9815,4.41623556873893,2
7545,-2.5768688781149707,1
1762,3.0524855435379603,1
138,-4.006762180155247,1
2820,10.813079230611097,2
9706,-7.113266830244433,1
3023,-7.701360996584711,2
704,1.1482941009487881,1
8484,-3.3103697558659224,1
8094,1.842041920988235,2
6028,5.397236276927938,2
4636,4.872877997050769,3
8297,-9.051485553781063,1
2314,6.32663560351866,2
1346,2.1899055582081157,2
8148,10.219701425775988,1
6244,2.2787227813038804,2
7654,1.3980573822896654,2
9267,1.6847729653060433,0
3219,3.062250173433977,2
3844,9.675692754437167,2
7603,-4.201658516582257,0
2932,5.1954886581604685,3
4052,-6.166561901434833,3
5007,-5.038150457559422,1
2958,3.7767273418943956,3
6327,5.277709803592494,1
9272,3.1641018723985015,1
8624,11.815172973367222,1
6968,2.1486000887146783,1
7897,7.98152343209388,2
3248,-3.3696575198342043,1
8418,8.490347125686931,2
673,-0.20142553838061494,1
1226,-2.4675826969335497,0
5917,-3.600477198136293,0
2749,-6.482361285481284,1
7601,-4.729250330449219,2
8763,-5.304363103536552,2
3126,1.3484752928077475,0
8597,-4.939530692079682,2
2184,-4.638126889588396,3
353,3.486431530761785,1
4206,-9.308051738616037,2
9707,2.2632038620319337,2
4290,-5.589600342345605,1
3175,1.470161764644533,1
1206,0.8550873936705469,1
7521,4.943010652153996,1
9748,7.858764239150352,1
459,-6.604868310041036,1
3456,12.242330242979394,3
551,3.5257880333680496,2
6508,-6.013627078171148,0
6703,-8.560235383177073,2
2223,5.4115803151843025,2
2462,-7.088677025465843,0
2291,3.9649518062500655,2
201,5.8879837202559155,2
8166,-6.00558093819172,0
685,-5.22094617306844,1
5282,-1.9000403231006435,2
3088,2.47178257398019,2
5848,-5.065922448181406,1
1877,6.0741586823423495,2
7861,4.607072806837538,1
5245,3.353032325173349,0
6881,1.4581968467297413,1
7809,-3.469071775063257,2
4825,-3.573253890897533,0
4006,-5.96404018943897,2
6923,-1.3076862002323013,2
2758,15.519640143322018,0
2920,-4.545686485664914,1
8712,0.42320964027270735,3
1570,5.119665164434854,1
9317,1.1933392946587338,2
6204,-8.797619832190303,2
1530,6.769905612870056,1
8270,10.983657620788147,2
4975,11.715838232468373,1
4072,-7.700985804519639,3
507,5.9837104580954925,0
8592,-0.45493160017848155,1
9174,8.160740021509861,2
7039,-6.833588431868884,1
8172,9.671949348559563,2
4770,4.922990462191647,1
4924,6.530958556659369,1
2942,3.1564396122126075,2
9698,5.106718298127966,2
8433,1.4660890902529846,2
7219,-5.86543588798377,1
7763,-2.9646067793728204,2
6858,-1.0080981991652718,2
9233,-0.4229949935697137,2
4445,0.4132173269671082,1
1171,5.43112247220699,2
2855,-6.221608865250589,2
1134,-2.248597811932317,1
6014,5.619186678156721,1
429,-8.651436875478238,2
5422,3.9168374806642468,0
1850,11.053620371554533,2
2498,9.11808960869872,0
3453,-0.7494186451460345,1
9765,5.459712660482606,3
1215,0.9842649320303394,0
7498,3.7503368582468997,1
3909,-3.318164019819066,2
3077,-0.417489880825231,2
9788,-5.327717314566131,3
3915,8.062786511426951,3
4047,-4.418315197645152,0
9382,-1.0474822815319422,1
2237,8.96946264990972,1
7614,7.049416836186126,1
3925,9.14740417701615,2
1015,6.151713730988889,2
3649,6.867937997292037,1
4739,3.9024618073055755,2
4757,-0.39761933316494047,1
5734,-1.8259011477849483,1
7022,-1.3453566456648538,2
4766,-5.9012293932008095,0
4057,-2.1982809684601285,2
7173,8.396337036087164,3
8821,19.670474024735363,2
8410,0.8007115155658648,2
3511,-1.7758827129452943,1
7010,-1.2559321247804582,3
3685,9.274727432214549,2
7853,8.946945536861264,2
470,-5.735232601368857,2
7567,-6.44277539453214,0
9173,-6.441163844770229,1
9569,-7.410876082962196,2
5735,1.0267768987225057,1
9504,-6.018320893079707,2
4983,-5.783107430588561,2
3318,-3.480926866996522,1
3759,6.229682484496482,1
539,-6.264858291619287,2
3803,-10.646266849768264,3
8650,-3.2710093794666064,2
5849,-9.53655933927206,2
844,14.988525896851337,1
920,-3.5543673285114723,2
2099,-7.407040728332326,3
4141,2.093495097437482,3
9840,16.579406410908124,2
2026,6.016381072929146,1
2816,0.5587693131236284,1
9409,9.852364216298968,2
698,3.5357396010052966,1
4622,11.373151576185753,1
9477,0.48423099179300566,3
9699,11.904979960201318,2
9136,0.6609089431022924,0
2584,16.263767934178418,3
9435,0.878391249198205,1
2894,3.953083053449272,1
6503,2.4776666509430325,1
1901,-5.852620092748374,1
1686,-4.993541403078315,0
2951,8.929509487450552,3
4537,0.6678115002519245,2
1324,10.947824660273174,2
162,-7.813536383092082,3
2254,-0.03672273139314197,0
7693,-6.018711386967668,1
1549,-6.353046297204826,2
5449,9.252912367335496,2
8746,-0.811670858738258,1
9509,-3.7461922211684775,2
1918,-0.6301374157287598,1
6214,5.910069834962318,2
9162,-7.727953321662273,0
8118,-5.032582249517131,1
2440,-10.773647279642084,2
8450,-6.6931881385634835,0
3642,-1.6578245081996652,1
8875,13.049344265330475,1
8423,2.8591462345393364,0
3188,1.260013660816068,2
4960,-3.2086083176392464,1
5249,-4.013399981395539,2
7436,-0.24349149760571387,0
3454,13.079182667093658,1
7158,-9.664357794916963,2
9082,1.2608104451054911,1
3377,-3.7887481888186763,3
8809,1.9999215540688413,2
6800,2.8420944318267236,1
4149,-1.8447064904984773,1
8316,7.91417111143674,2
2559,-4.247031590096673,0
6201,5.617978774296904,2
7958,-5.626389506054476,2
7791,1.6728099224854467,2
7144,7.4534136392852774,2
9749,16.53540399755676,0
2389,7.677328950108361,0
9858,-1.6651654252616916,1
2703,-7.289429730424624,2
4476,-3.8578892303962458,1
4773,-4.495584394110688,0
4889,1.087896121094776,2
4398,4.344854099796159,2
6933,2.9757721828405983,3
6168,-7.350885705783954,2
4673,5.097315108580814,3
6416,0.6732225293500136,2
1900,1.8802693268622608,2
4855,-2.0257867395199924,2
9369,5.525447383321218,2
2272,-5.713876962423635,1
2844,-1.3890599472890761,2
2773,8.175657636156775,0
6505,2.40006908622786,2
2664,-1.462480533532578,1
9100,7.897600268881352,1
116,-10.292583647901711,1
564,1.1711290253473994,1
2567,4.341428535791231,1
6963,2.569227860014922,1
3241,1.1174235053094037,1
3136,-8.75978639641567,2
2779,-0.4248881004185138,1
8457,-8.317306325580628,2
5994,3.155644286021143,3
1859,-7.111575655267868,3
2553,3.5718696754327515,1
8013,0.10511478648916395,0
635,15.983310079124484,3
5548,-8.877747439465965,0
8644,-4.959501849049632,0
5349,-0.384094532868281,1
7156,3.4855932572798083,1
1826,1.2454456464449177,2
4315,-5.678709215512435,1
6163,6.684611395280598,2
3435,-6.675850304643473,1
9028,10.447258161998384,2
4230,8.961325272722185,2
4293,5.981979719409836,2
1721,7.7644413513291495,3
8483,-3.914077526742302,2
8771,2.135160536991127,3
7319,7.184501361307032,3
5825,2.77222023454286,2
9724,-3.04988337545444,1
1835,-5.2231963426153,0
583,4.246171301873057,2
8181,-4.685403948747233,3
4650,3.752886745287864,0
9346,-2.185429648225025,1
3021,5.775648531060916,2
4292,0.8889915987431053,0
3590,-1.6906873612912738,0
6304,4.392561790705894,2
4197,-8.849753835806355,1
7265,17.751388275099785,1
2250,-4.789077880177007,0
3111,-6.573529131630483,1
8159,-5.039794804162646,2
2397,-1.9893502621556718,2
9078,-0.23133338979447915,0
8338,2.8798897218861983,2
5629,13.541849196344378,3
5901,-1.5293763411111243,2
1776,3.646284463987078,3
9919,12.752375766254813,2
5805,-1.8852845800959586,2
4273,10.619412179678852,1
7757,6.528724967304426,1
2801,-1.2637459320940214,1
5935,-5.4316178275417215,2
9201,-4.768980820251397,2
4248,1.6840379936386813,2
2485,-0.23419495977222793,1
5223,8.453932768109189,1
6965,3.5841214456967143,2
6034,-4.820224433666761,3
7551,-2.933685050494608,1
6084,1.8447834326707644,1
3033,4.805221889802774,2
2513,-3.2394083868550845,1
1690,-8.016314286256334,1
2325,6.258346859271462,0
759,1.9099668772813747,1
4436,5.9550947180802565,1
4237,-7.677626263664981,2
916,-4.438766458702337,3
5575,6.708381216306769,2
5982,0.9216632610980302,1
5966,-11.874217215322664,1
3581,7.851211841437753,1
5826,7.8758305282692715,1
5690,3.2027893026315595,2
5102,3.5540931877801727,1
4479,2.5479030139882175,2
6819,1.332029171859892,1
8704,2.272766026754126,3
93,-6.846004655283684,2
8570,4.908659540235886,2
5964,1.8054631143093476,1
3013,-7.812566865152773,3
1044,-4.489585053427641,2
1807,16.983717121539488,0
8811,8.295473591768188,0
8326,1.4489342806968548,3
1294,5.776410549000271,2
780,-7.891420970020966,2
4657,-8.774698400612893,2
6931,8.510783699565547,2
5255,1.158461187986355,0
7698,5.026210864677713,1
6087,15.901118349222978,1
4980,4.847524255876176,1
1894,6.444185743366743,2
1696,-9.798000946708598,2
8373,10.020977122228047,3
9282,-6.718909235837963,2
5028,7.684133857484591,2
8477,13.173223971070072,2
8209,-5.756380490058514,0
2443,6.092160491151015,2
7904,4.492809714700705,1
2160,-2.2283368159189276,2
9956,-0.17412242764461752,2
8176,-5.6454908704532984,1
1109,2.2900305319514622,1
5098,17.304827341143184,0
2977,5.233930018348321,2
3115,9.707620419179218,1
5225,-4.509578186038809,1
8798,-3.7624701073647313,1
1438,-2.8095459162806775,2
4991,3.5737506503302088,2
737,-4.817300762339334,0
6608,-3.2137357403857436,2
1069,11.462234877648669,3
2158,7.400095821147299,2
7847,15.372590671719475,0
9053,3.171112871074926,0
6820,-8.562987617966465,1
6862,-11.645482158751523,0
1105,0.2436948540421784,1
6806,-0.8289731193272738,2
563,-3.5045100961373823,1
8007,6.844991673263058,0
3082,1.0768093190173462,1
8200,-7.1006958260952855,1
5601,-1.068569346189355,1
2350,11.294748680756326,1
243,9.86291267150522,2
5802,0.6830557855572181,1
6784,0.8872808270043522,2
1869,6.022596569570565,0
7471,-5.353720103249921,2
8276,-4.276140380468444,2
8871,4.928788211344936,2
339,-8.495353697555629,3
5040,-4.610497494405573,2
3217,5.805220269420625,1
2118,10.470602775222444,2
7662,10.24436586774903,1
5400,-0.726147562751839,1
1710,-9.721582129164796,2
1098,11.813165265174653,2
1087,-8.750845144814113,0
7062,7.1256563324116815,2
8865,3.5208236083386977,1
8175,-10.031522860943618,0
2960,-1.5756071777152494,1
3960,5.243611395867502,1
4841,6.193580001415711,2
5639,10.317691780992611,2
6918,-7.313143660816414,3
8797,3.7738497253854306,1
6403,-11.803459678995004,1
5936,6.859542699749173,0
669,-2.8650888343705487,3
4289,9.292914777347578,2
6756,-6.062763062920497,1
5431,-4.499287759575198,2
651,10.58760515473408,3
4645,-3.4975955971270567,2
8138,-6.2924588551628915,1
511,10.688104137735387,1
4080,13.095955016144073,2
6942,6.713834547248393,1
9286,11.65566647442147,0
6484,-5.289098421072069,1
8074,9.367215890021987,1
5661,6.471664507659771,3
7515,-8.019796345469537,2
2414,14.238331072448982,1
5751,2.769849745526475,1
4356,-6.3358410518282975,1
8918,10.819598278693567,1
6374,7.5818885341719575,2
2143,2.675422200222922,1
9544,1.5182210927058692,2
4262,2.4835633049093313,1
2983,-5.739974564576635,2
8114,0.5255301449459526,1
3553,-6.224629814409944,1
3556,-1.8982682485225952,2
7576,4.532217483469991,1
860,16.83250525172925,1
7835,9.759238029361647,2
4286,-3.5970445131614266,2
9361,5.760779521740188,3
7744,3.9929017521021986,2
3586,5.850427777816698,3
4554,-6.753735322466461,1
5118,17.555497648165748,2
6604,4.773164262621948,2
6684,14.584543860802539,2
3526,20.18864284054557,0
7881,5.61703793789912,0
8675,0.8559710195200818,0
8144,6.868163711612261,0
4820,11.04311965597024,1
5099,2.0224514348264124,2
2743,3.110513589918578,1
7314,-1.0692055927666404,1
2280,-6.202474763299235,2
6086,-0.9201272697410747,2
8679,16.8615942029676,2
5317,-1.4009717078784651,1
8907,1.5933411524498275,2
2734,-8.547872550705826,1
2723,2.0963364592281266,2
4731,-5.079585535626734,2
4153,-6.733139279892873,2
7394,-0.7676446777951846,3
5499,2.545192292376905,2
4155,-7.886563977710008,3
7354,-1.7784776743024868,2
7191,6.118213120759341,3
1048,9.154212633595078,2
2656,8.442165921569142,2
1260,4.607190657941915,1
4658,13.437005475162831,2
6382,-2.5393791017455154,2
8519,8.56214527753786,1
4067,-0.515551497509908,2
1292,4.8977928449204935,3
3794,0.5470017186889197,2
6856,-4.619537847300839,2
8642,-3.733987290446761,0
5592,1.0933031979409076,1
2027,2.5612106347149926,2
8697,-5.001306503558189,1
7597,8.602889320351592,3
355,2.598297446915258,1
462,11.292906425292465,2
107,2.6119016711898384,1
3091,5.448170612743548,1
1671,-3.7663258456496442,1
5779,-5.199418673642637,2
9229,10.42434169700215,2
809,-8.388006824770262,0
7975,-6.378652300381496,2
6981,5.549861293336062,2
5323,7.229581418409468,0
6718,6.885938069475668,1
508,-0.781207679980882,1
9727,11.954631468172439,0
8847,-2.312160630750361,1
6306,0.7803878991062657,1
7607,4.067217720102957,3
9680,15.673552054750587,2
2647,0.11652252058266743,2
2546,3.382523419115101,1
1432,-6.273044146193037,1
4748,12.167718587688675,2
6780,3.0396143128021036,1
4444,2.34081246324852,1
7453,12.261661329213322,1
4548,15.100621690271364,2
4927,-2.7442844415565357,2
3690,6.950067339106683,1
9385,10.562589466051712,2
1724,-2.847746818784532,0
9952,8.683425935017686,2
872,10.601804745414555,2
5731,5.1033171321149515,1
1767,3.8288160783445444,2
3800,1.4222180649207394,2
9377,4.278791237423926,1
5066,6.513566024503311,2
2255,12.135450811055785,2
2839,-5.365219191151294,2
6358,-10.53719464228167,0
758,0.6364557438448436,0
8858,-4.201635381708988,2
4994,2.9939713944728337,3
9764,-7.203655136627203,2
7818,-7.280028815500235,1
8261,-3.301960410435436,2
9230,3.1656205772217367,1
3363,-4.332397657713631,0
842,3.3406439865016364,1
242,2.845514329811708,1
4791,-6.973311187855497,0
2081,-0.5565914738269725,3
1654,6.620550502950362,1
8699,-5.553370077190484,2
3057,-5.67394061483064,0
5783,-8.702861861911678,2
6914,-3.462520356476523,2
3788,4.18807882952897,1
9752,-4.582602702116957,3
9009,0.021786708081684703,1
5743,7.968249753558371,1
123,1.4196892998414803,2
6128,10.37320936173533,3
8666,-4.790607872316877,1
6842,-7.757771963805946,1
7951,6.5699808928832795,1
8022,15.649408315759114,1
5430,3.4229624774367364,2
3521,4.056728996777289,1
2621,4.688693375029951,2
2947,3.215201919043321,1
2617,8.970557570615723,1
4501,0.4377955727881062,1
1421,-3.8691344314795724,2
6847,-6.477721401882831,1
5989,-4.602188475004041,2
8215,-3.0736996374977608,2
3019,3.063544307964961,2
5466,-4.098655620406983,1
8748,1.5629752659548042,2
8829,-5.9107124236620665,1
601,3.734317578324406,1
9375,-5.70115383603485,2
5480,-5.577871314433626,1
1137,-7.773667950494571,1
1239,-5.159296519680938,1
2257,2.1337657564564365,2
5314,8.510985090931815,2
2374,-7.372450920218302,1
3664,2.2112797488469447,1
1962,-1.5181612089276417,1
9483,5.693716003193752,2
7454,10.703930225290959,2
5952,2.1141180820638743,2
4343,3.0260166346898005,1
6511,4.224102156268682,2
9293,3.028687741926797,2
5260,2.089278158273001,1
7788,-2.9291452381348417,0
8982,7.0081834420226095,1
2852,1.2013713986049432,2
2985,3.622728615070022,0
5031,3.298821589112438,1
6025,10.072670278109078,1
2085,-9.237292937720092,0
1151,-6.971834153131067,2
5142,2.3086126404696237,0
4060,7.296546898620626,2
4986,-7.146860421299195,2
4168,-8.815377178650111,3
8638,-8.437618002548481,2
337,14.708897406878364,0
8758,1.3374205243010124,3
5047,-8.453897845375042,1
7753,9.520749173064255,2
62,1.286904047331109,1
4661,-5.098771692031585,2
6708,9.698960560367796,3
3000,1.631330558326371,0
5017,13.341182083323535,3
2971,-6.30957874277388,2
1607,-4.682134540042031,1
8722,6.212210502037168,1
7147,-8.057855091033213,3
1945,1.8620933845764138,1
5647,7.882327283913539,1
9289,-6.609634707430365,1
8533,2.9038458874100783,3
523,10.186911652694135,3
3544,5.6066989909025535,2
8784,9.667796652258252,2
7644,24.1634335505267,0
2236,4.519422680575645,1
6620,1.8093003510965127,1
5229,0.24715115624188533,1
6440,10.434381651172309,3
8603,-8.73894049893699,0
6258,-2.07081433632696,2
533,1.0476354445178429,1
5319,-0.48875788209187565,2
8615,-0.6778125701125601,1
7587,-0.7029926727627285,1
9779,-8.960380004229298,1
5021,-2.1435919605492058,0
7382,5.0829008045893005,2
6088,-6.859937779798003,0
3481,9.47601123455489,2
1829,9.911788476862363,3
7697,-4.634596377870071,0
6248,-0.8450392272896035,1
7391,-4.711682334330273,3
9787,1.0772887420497002,2
6472,-6.999391131032812,1
2238,8.681942686581857,1
4916,5.602527459687306,2
6434,-3.740173087118288,2
6570,1.410003651165975,2
7249,12.38920920152328,3
2426,8.7212782560557,2
7378,-5.668263779270909,1
4390,6.349585898387393,1
6009,2.426877909591112,1
5151,3.5751762501660593,2
3118,5.3035269898232364,1
8279,-3.621239494874997,3
4420,11.08569402631927,3
7656,5.91532436656081,2
7672,-2.9671234024362656,2
3582,-7.259730032799805,2
8031,-5.08241705075489,1
2299,5.635446642944611,2
7854,2.7167903095519677,1
2872,4.646950110861693,0
3078,-2.8876082961842435,2
225,15.80441469062077,2
818,13.008484096661405,1
4350,-8.497894409157562,3
1633,-6.620352591488526,1
1059,-7.5664913160331215,1
8068,6.799527296893315,1
9938,-4.188818083124734,2
8158,-2.56547937517805,1
5979,-7.34093303796963,3
9753,-2.779384400747264,1
9157,-10.247908891035724,0
8544,9.557258295522367,2
2332,9.193897497438616,2
6051,-0.5847283529774006,0
7526,4.441867841386726,3
5382,5.484857920371284,2
3103,2.8210309012008272,0
8059,-1.8610700732202186,2
1097,7.652090817645535,2
6460,-6.361511707478977,2
9881,-9.456770357336241,2
7996,-6.989175965796629,2
749,6.139041735078516,0
1236,-7.121314330406903,0
3234,-7.28078632884287,2
7640,-6.189166998910009,3
4260,-2.6007433386245546,1
1383,1.6707709217268703,2
282,-6.937895167039271,0
5175,0.23331946149317417,2
3881,-2.9398379041944684,3
3017,13.804047862765152,1
4446,-0.04747229079498749,2
5394,10.036195449699793,2
6628,-8.461741276974431,1
3847,-2.165198974633278,3
1973,11.580820081397519,3
9535,6.391923821423315,2
1952,-3.0285560079383473,2
3048,-2.991423824197854,3
5421,4.927813163535863,2
467,9.294023533408136,2
5778,1.7805289080661226,2
4735,11.866914655818498,1
816,8.13840461811545,1
1707,-4.696207546386244,1
277,0.052707693915675646,1
8955,-5.991740436482614,2
8285,-1.8610936317051392,1
3970,0.13029020960969584,1
1252,-5.790842733210585,1
2360,-3.620022946928916,0
2980,8.121864590324655,3
384,-0.36436693237871465,1
6910,-0.4211717937807493,1
5322,-4.607224818329855,2
2895,-6.6552012781019085,0
5346,0.8796204583236205,0
8585,1.2226526592059939,1
5536,-4.612801482634507,1
5754,0.8396432660463551,2
4734,3.5349007440603595,2
9283,-4.137943009519442,1
5809,-1.7196745134172937,1
859,3.2202652150413473,1
617,-5.595315171126191,1
3393,-5.553154624855987,0
3855,10.595654029463747,2
5652,4.972887312218076,2
9177,-6.356891653560995,1
8547,-0.24405730422706756,1
6603,12.033387957033609,2
3896,-2.7626161771021893,3
5703,-7.818357988535907,0
3358,-5.515275098727391,0
5521,12.606138911227818,1
9373,-5.5768824424686505,1
50,-6.537768804794072,3
736,5.9944999290493355,1
7512,-4.619577104743365,2
8330,0.11974433632022552,2
3184,9.107529723584323,2
1214,14.505156776845995,1
2697,11.699267726962184,1
9527,3.4765605032164455,1
5034,1.3655655162105562,1
2046,-4.163558069567431,1
332,6.318419351190275,2
2693,2.851625963306973,0
7618,-6.120726536637614,1
2556,9.165578268122745,1
6115,-6.594265876719357,3
9253,-1.8700043799462294,1
7549,-10.139989121322781,1
5374,-5.153284870895551,2
9294,-2.4034477665326266,2
2108,-1.0869733674484878,1
498,4.265153272079377,1
9003,7.718138301050997,2
7231,9.051822349534621,2
4246,1.95626904363594,3
453,3.157783711250712,1
928,9.381538646128377,1
324,-1.6540147942613097,3
5307,2.551268362396265,0
3485,13.32676964490336,1
1363,4.651438837244774,2
273,-8.65034419535046,2
4464,10.24275537919662,2
4455,1.7987094433312594,0
1367,5.1774491028446965,1
5321,-2.1897463645054502,1
6368,-6.761387229628127,2
5327,3.038752845831731,1
9330,-4.448810294601815,1
6227,9.656588493934963,1
2286,5.86243582273467,2
3648,-2.555927033671782,2
9837,5.170318133565875,2
8452,-6.179443141590314,3
4907,-6.310623748955745,2
3941,2.963947760884333,2
1250,-6.550450911995676,1
9885,3.5326615278310074,1
3213,3.281100010234511,1
4104,8.322523730768175,0
5467,8.389828150930533,1
5325,-8.806379289661534,1
9454,6.341245566823778,2
6144,-5.196258616730656,3
8532,6.160980312353662,3
4266,4.586650219069613,0
9625,-1.802220741988159,2
7608,9.334738745755214,2
3857,-8.247862090315104,1
9524,13.761854825433979,2
9502,3.607355656927826,1
7846,11.838199566447628,2
1880,2.8771592787147218,0
1043,14.043448095249513,2
6352,-5.899622075838638,1
3809,-5.510533674852901,0
8627,-3.339404743596685,2
4699,2.099165630536284,2
881,0.5684993224776704,2
43,-4.18996326522967,1
6232,-4.7768345589227765,2
5308,5.016597489620613,1
6821,-3.276346802795146,2
3340,6.203335862183135,1
8542,13.11351426915941,1
716,1.8988070900583667,2
7539,-6.836425594970953,1
6311,0.8383917528873116,2
387,3.1138571536872734,2
6497,7.853614033027865,1
9433,2.671079233043799,1
165,4.703567062942291,1
7292,-8.616065287518218,1
8462,1.373585181902131,1
4589,6.0480636733751965,3
6876,1.738763599859975,0
598,-4.6660380290633565,1
4690,1.0416944840455067,3
1895,-0.6040246846287447,1
1775,-2.402824497971721,1
8790,4.037782187238208,1
692,-4.894805397171218,3
6625,-0.008752108077869636,3
8,-1.0721186732927581,3
1051,-8.588967096713455,2
784,3.84790960338965,1
2122,9.42675234653517,3
9843,3.9592580442865994,1
2448,-2.8334842256689416,0
9635,6.612548105617258,1
8079,-1.7665688076864436,2
307,2.509046747080265,0
3641,1.4652167436839183,1
6021,6.040642972458558,0
483,0.1294951421978774,0
5052,-6.895164791201315,0
6361,28.148577583818494,1
9898,3.1037688534550574,1
7350,1.62726419201996,2
2214,5.796613072130867,2
9704,1.926776120342665,1
6831,3.9616698230285583,2
7599,-6.200666370698761,2
4859,-4.972375430573754,1
2555,-7.456181308917927,1
3749,5.82442098932097,1
2873,-8.62402507690772,2
4079,-1.1195455312238314,2
3206,5.629263321795947,3
9563,4.963827735664736,2
8852,-1.970716438143266,1
409,4.773045924437591,1
7970,-6.350147647440524,1
3884,4.094382227569312,1
4598,-4.556456727540475,1
5046,-4.704102681745477,1
416,-2.8796303530845453,2
3179,-2.475591138838842,1
5171,-6.5812335839171805,3
5880,7.785412937720652,3
4726,7.500525372703334,3
4161,-8.412399839606094,2
4278,11.503215696102636,1
9355,5.001826820540864,2
9013,-6.7801701295034515,1
1106,8.26025920984257,1
2593,12.233065392070232,2
3365,-3.8608280404791073,1
9809,-3.5874840985018066,1
6360,-6.968804903967833,2
7905,-9.284603932341877,1
9761,-1.320876463424527,2
866,-6.841179797324121,1
1120,0.47061365994634086,0
1104,1.9531073573009203,1
1800,5.853470608973212,2
2587,-6.002781087597092,1
3420,0.6501730473506578,1
3426,9.479739637509425,2
9786,7.784468300434192,3
2603,-3.343351403195665,1
8599,0.622865441899108,2
6884,-2.6808768817592896,2
5362,6.855765828429787,1
3841,-1.08348924703155,2
4561,0.49578933581696427,0
1725,1.5046893511153057,1
9622,7.552927246599182,2
1781,9.152064583010361,2
6101,-5.596442974174125,2
8329,3.2208420653078806,1
4668,2.285174485175725,1
6433,-6.618217081053075,2
5980,5.204317121126548,3
1020,4.065178554161011,1
2997,-4.069019756262248,2
7371,-1.6858451857338037,2
9533,-1.438763188480453,0
6736,-6.644754340391364,2
9035,5.429013694560556,2
1618,-5.739140992520737,2
2001,9.078634130754027,2
3317,4.518065720604912,2
6654,7.453311788202953,1
5041,4.077553409011003,1
1008,-7.859149027174929,1
2520,2.6077684107786188,0
5084,0.24816689956373006,2
8719,-5.302610471488945,2
5273,2.375410954519298,3
6346,-6.446224464643386,2
6804,1.590159521383738,1
9297,-4.613211077045526,3
9235,5.745247583504195,0
584,-7.430105510142793,2
2881,6.4607835555093835,3
4242,-5.431178001881801,2
5985,14.27187431292222,1
6834,0.8910924504199741,2
5657,-4.412627910047476,0
8334,5.286371063541598,3
6706,-8.664732991201722,1
2115,8.704953770320632,0
8565,7.239549527784905,2
1164,-1.0623466381925015,0
4310,2.341759448123164,1
7950,2.1509368905387034,2
6455,3.9032657213723345,2
980,11.0169417930612,2
4038,7.41228758785858,1
321,-5.73135915517862,2
8833,-3.0475382249930187,1
7916,-3.357743875779562,3
5071,3.970144897516292,1
7060,7.280491821904322,0
3105,-3.717666319959024,2
3044,4.806026626889455,1
4403,9.25920526794676,2
7573,5.8524054826070255,1
8072,-1.952823522889275,1
9116,3.346467904255234,2
862,4.086686582641957,3
3186,2.090916655371683,2
2133,1.1173793050757994,0
3137,5.422038272283681,2
3079,-0.9554393708716852,1
9672,15.53897812669364,1
9683,-3.3965751230546815,1
2007,-0.024410232368325513,1
2837,5.807410393501313,0
4319,12.523844168605686,2
9897,-4.557062052271005,3
550,-1.5469349544875035,1
8623,-1.0373865400693292,1
8206,13.657573046211327,2
1445,4.992608009185037,1
7028,12.969367997820886,3
8880,5.227870424416296,2
5470,-12.49473517664488,3
8191,-2.9524090986056883,1
4393,-7.1371460751241145,1
6422,-1.4005098535704397,1
445,7.204050861764018,2
1247,3.181164869334489,2
4314,-3.441619194020038,3
65,1.8357120820712032,3
2045,6.391403106218613,2
6581,-0.5268896797557003,1
4656,9.06020542605899,1
7408,7.39668732158608,2
2113,5.081333479228611,1
3139,27.0060978335456,2
5860,13.032986521993555,1
5354,-7.279266214734215,0
3550,-2.1757242278822595,2
1801,-4.479387548544716,3
4373,1.175141752243206,2
7867,8.286228485935549,2
2822,0.5544419227220181,1
7761,-8.64119441439898,1
1278,5.639938944285383,1
394,5.747824337460406,2
2803,5.275440858014724,2
8353,9.522682479206466,0
9599,5.465542177030165,1
1127,4.881564964634716,2
4381,4.53348491641507,2
315,2.8412758694624327,2
4633,1.0499491795503824,2
4014,0.322990892865721,1
850,0.8113059122635582,2
3565,-5.9505168986531425,1
9386,-10.424757516650272,2
9789,0.9783388688889472,1
3054,-8.005092639806675,2
6384,3.1781167037353395,2
2759,4.488424403926369,1
9681,17.327109867361372,1
3129,-4.067049895360592,1
3496,-5.353106057142132,1
1006,-4.642926218268568,1
8233,-0.391988621140806,1
6647,5.026790182984959,1
6938,20.05494794041748,0
5959,5.389232399897374,2
2957,-1.2676464485269925,2
2279,-2.947343073825073,1
1425,1.245138951767971,1
9237,-4.033369066628216,1
7673,5.162569289971912,3
1474,6.719249214702355,0
4662,3.059641101189046,1
36,-3.121117425358645,1
6547,-4.447733091569587,1
7937,13.279477671492682,2
1347,9.162710519692638,2
8583,-6.85147191648958,2
9597,0.46594270124818205,1
2188,4.733571557655235,2
8006,8.885821908737139,1
626,7.427778827260688,0
6772,-5.353999647432579,1
2815,15.102073610706606,2
4037,9.084582362371235,2
6548,-6.287980302855557,1
7926,5.4605249914729965,2
9914,3.951525409078579,2
378,4.477708344642971,2
6385,5.093863585489301,1
5435,3.837294416753882,2
1436,5.470471157104505,3
1107,4.755165014517694,3
6425,4.149451584849902,1
9878,0.6138229850564935,2
5261,8.506625448926718,1
8298,13.535695180833102,0
6113,-4.998708502911135,1
8163,15.524885571545763,1
9615,-3.831533591885604,3
9848,0.21435881697941067,0
4355,-2.4802105898678954,1
491,2.819724410341472,1
1641,12.124644240727555,1
6563,-6.081062840446301,1
6131,-5.627192045943163,2
237,3.7660821692852657,3
6356,8.011803035347702,3
5375,2.2496365908983114,1
6069,-4.166313754554257,3
7912,14.608247605552565,2
6531,5.922241854421555,2
9812,-1.1354874735103428,2
8602,-3.305754660428624,2
2294,8.194001360191589,0
8011,12.841610018488716,1
167,3.4524065663485515,2
2140,-11.766518833975567,3
561,2.0254101047534188,2
6984,-4.752180538984479,0
4019,6.790027702408475,1
6317,-0.010562655745859129,1
5828,8.68120722792381,2
8187,-0.4574961576848051,2
8098,-10.618512159058447,3
1669,6.309740027013568,3
4018,9.043715179051631,0
3178,-7.556804350602891,0
5276,-7.242589683334768,1
9059,-5.47527539022825,3
6250,-5.8010478103447385,1
9906,4.352721505105667,3
6549,-3.3313385363074626,2
6715,0.16113928920862208,2
1490,-5.5831700567948275,0
1400,4.675861747248495,0
4163,7.800198272090153,1
333,-8.178615287716008,1
4170,7.5881124175223285,2
3980,-6.765967797336025,0
157,4.120971184597687,3
1950,-9.14373093790677,0
663,-12.040076676168567,3
4312,0.8421690879182533,2
4579,-5.904301458559685,0
2903,-0.22388123634015877,1
5810,-7.254550833088668,0
113,-0.2806600937590842,1
5747,7.961583360812507,2
6538,5.811771802903001,2
5450,11.0465869484099,2
7695,-7.129288932606809,2
1487,6.577967464245289,1
1719,0.46314722815855025,1
4441,2.1097155928104137,2
2811,-1.6995545843309334,1
4747,-7.727845334816667,1
1497,-1.3455024119415933,1
1007,-5.607006243482161,1
6635,17.95159332543285,1
713,7.077941599569588,1
9264,3.908402038374085,1
8994,-3.5136122414974973,1
3404,16.09235052750212,2
3463,-4.0636741768598865,1
5891,4.6403645154307025,1
9217,11.675961676042919,1
5406,-10.210514802798278,2
4929,-7.529136365454129,3
9576,12.88373793118498,1
1356,-3.6716108860232772,0
9648,2.1232947707680694,3
9967,7.315730860513521,2
8573,-5.249452508099185,0
8872,-5.460629781687832,1
9300,7.155815616411227,2
1820,-7.419552865877959,1
4069,2.4748426529021064,3
2444,-4.906055973060363,2
2446,-3.246672317620382,2
2821,9.501729145143326,2
2311,2.49386031498052,1
4207,8.386451402957434,1
5183,-1.5814494671928576,1
2637,6.80988086237263,0
9255,-2.6251678383133075,0
4413,7.279865446715675,2
249,13.531767202211114,2
4642,3.9349451614981836,2
5173,-2.0411634835802097,1
1736,-5.510072785191949,3
8466,-3.9001696611308754,1
2595,-9.95274665365761,3
1496,0.8416313269548055,3
1645,9.693573379617998,3
3731,-3.559564659247636,0
4565,0.28072544995227755,0
3324,-6.2955462852079505,1
2952,4.1173000355518266,1
4558,4.092118626798802,2
7976,-6.207491580808011,2
1988,12.923506377272528,2
3922,4.346676007044479,2
4853,-1.4694771022643707,2
4543,-5.906853476747983,2
6909,6.454611540019611,1
8614,13.098829481600543,1
2354,3.9708975702514517,1
9874,9.864465958510879,3
1066,0.6105297081665779,1
357,9.814824072757338,2
5903,5.7496323708836625,1
7625,4.229462601905238,2
9396,4.977964026116789,2
7248,11.009234195709197,1
2585,-6.157868283547482,2
5075,8.787908413905596,1
8751,5.215327762709668,2
4805,7.833780147976473,1
2062,-1.0853344932945315,2
1566,-5.219370207887848,3
7185,-7.6180366448307435,3
4708,14.374729043522755,2
4850,10.359696071528408,2
4462,25.22467635785852,1
3848,6.186190743216299,2
5094,-5.089833592323162,2
1478,4.323800121217959,3
3399,-5.503452669628002,2
3355,-0.3567009162127013,2
2328,-5.965623831103289,2
613,7.74403813531781,2
6810,-4.651717147647547,3
486,11.032460991046722,2
1413,-0.6966334230585536,2
4150,8.126714229203946,0
8628,-5.306451348118077,3
5202,3.178178535965069,1
6046,3.283762045045763,1
3172,3.60927444904416,2
9262,1.1350550513581872,1
1992,-4.1440219440463455,2
60,-7.0595658751773565,2
3924,0.12141853590198304,0
2529,4.076765486301073,3
3418,10.018566247582127,1
9721,7.229582787188681,1
3869,-0.7653072385567161,2
7276,-6.988101347620592,1
359,-3.9542082052429923,1
902,3.1415900372198284,3
3908,10.526368896043625,2
3288,3.7638925450175074,1
3457,0.843188966261429,1
1658,-1.8963392546261135,1
3032,12.84947307354569,0
7956,-1.926227457021863,3
151,9.248345749336192,0
6724,7.780915549019116,2
9336,1.8133254412352564,3
3041,6.777264921107746,1
3373,-4.503405014480896,0
9431,7.521695072653888,2
1245,6.282473196182255,2
64,-2.2559212219271294,0
7699,-4.807606336230122,1
4701,7.362336196542514,0
9799,11.31919826639587,1
3842,11.273988645512627,1
6720,2.8082094937787883,2
8458,8.924301530770704,0
6243,10.35703143943323,2
6005,-10.200879154891132,1
1058,-2.8901560740626735,2
4372,20.183360608387712,3
5078,-5.02887746201829,2
3520,5.330216503962637,1
4358,3.604672412014999,1
6215,4.655758310018554,3
6519,0.09197365016664061,2
6621,-3.025182680313222,1
2436,-9.699304841409207,2
9926,4.0461796260355225,0
5452,1.9512387583750401,1
7194,5.657246277672176,3
1738,3.6708317535841135,1
6013,-3.1937142126606184,2
1388,-4.996373390120666,2
7500,8.073007243876878,2
2635,9.203501075868838,2
4984,3.8635723483647184,3
3875,-5.719033424909963,3
9617,2.6332200625736673,1
7676,-8.217967660793681,1
1600,-9.782131346442915,2
6573,7.349959734846349,0
677,-7.249916006426504,2
8186,8.887317983297505,1
3883,-1.53596139556532,1
7733,4.302376361691274,1
177,-5.005211861695463,1
5615,10.134183425380153,1
4183,-2.097171843017774,1
187,4.4177392906053905,2
924,8.995858638713269,1
621,19.320930373444053,2
1943,-1.902312237373009,1
9366,2.436088391942464,3
2248,-7.571915373995237,3
4852,5.659657432294072,2
146,11.347286626325868,1
4790,10.726164832938359,1
2925,-0.6592287600149755,0
6673,-8.852106030580165,1
8917,12.765295029737473,1
5341,11.812499892543572,3
5089,6.329776390161991,2
4827,-6.375097921031656,3
2674,-4.168204969891034,0
8850,11.509969280227711,1
2663,8.099397839095994,1
8319,-6.199978334197303,1
7860,-0.17665141575327659,2
9271,-5.600959724155467,1
1343,0.9697851645429169,2
2863,-2.5392197636462184,1
139,5.823407626009612,1
9884,1.8283198301342591,0
8586,-5.54103223536629,2
5381,-6.745153463924241,1
7969,-2.319682203575345,0
864,-5.655137324778245,0
9888,7.2517079033857845,2
9743,10.052840019482163,1
9331,3.956009538769858,0
661,-3.542299316305347,3
2542,4.4107039339814715,1
6100,6.329951591463244,1
7681,-3.506199373417962,1
2577,7.755461529074505,1
927,8.243018024056521,2
2518,2.491016889540757,2
9805,7.326315258321862,3
6456,2.748017069935418,3
7967,10.598875819662862,3
7598,-9.42903692834864,1
8911,-6.8253397499006425,0
13,-2.754889401158361,2
9855,10.696384046744036,2
4502,0.0352926640988489,1
9464,12.362232763778843,2
5189,-4.733987489748998,1
4380,-6.637265745575178,2
15,-5.5359891490619635,1
934,-3.555175568713068,0
709,7.441792931245516,0
7415,15.802618784082728,2
2835,-8.128965877631137,2
9254,3.3281267816695674,1
3967,-7.826216319224502,1
4896,8.079896934282642,2
3344,-5.602685403835279,1
6321,3.5255485335572416,1
8386,-9.824464656622109,2
6042,-3.97212260771816,2
7953,-4.574654482142046,1
994,-4.658982877032119,1
2817,-10.629878070282462,1
3500,-3.646732352380399,1
4484,14.361599578463988,1
3170,10.894927584403044,3
9083,0.24019705467297092,2
3462,-8.216121212026762,2
2810,24.051777899882083,0
5384,-1.9619842743964135,1
6164,-5.244841770191605,3
3283,11.637514457418153,2
2653,-8.270105210022043,1
2548,-5.282685525781165,1
8064,-2.1019749751227366,2
4361,6.995554611899096,0
6389,4.1232925409736545,2
3442,-2.4512043830765347,2
4353,-2.9970616921070876,2
6569,-4.270186970440706,1
9616,13.809208495869598,2
8983,4.226065026478718,2
4264,-4.54119669424815,0
6452,3.695135353432668,1
4937,-9.141729416214549,2
4608,4.121956914280337,0
879,-3.924111127334485,2
4818,4.165162150344524,1
8201,6.637955900060248,1
1349,3.3796710922562845,1
6840,10.057163249881436,2
2662,6.823781045282834,1
4257,9.627843257090014,2
9522,-5.393414434802691,2
4861,-8.380717404246612,2
4741,-7.3944449176458855,1
1930,4.192439071457246,1
1876,4.861417183743008,2
5713,-8.53857803339048,3
3853,12.269533648738063,2
7080,-2.0437628169069795,2
3688,-8.076073753006483,2
5179,-0.9955895531599863,1
6991,3.5633711316841907,1
5498,15.232779145065077,0
8014,-1.7963798891435685,2
9942,-2.683063084899575,3
9868,7.000005621368867,2
9602,-6.000257912394452,0
8493,4.175057336454942,1
170,-5.214423236787035,1
2033,5.536121586025498,2
9429,-3.3325108281290134,1
7110,5.50840136918818,1
7850,2.6668446372914034,1
9688,-6.986308497862727,1
1789,6.660641380638585,0
4120,7.838518488587403,2
8156,3.5790949976029327,3
8843,-4.143171831826592,2
5390,3.9163800465830034,0
8846,1.3212251217732742,2
6747,12.543159987061712,3
6690,9.675692515721934,1
4370,13.233475041258341,2
9137,5.3328387512433855,1
5909,11.44009616449038,0
4202,2.9477782140186917,2
9318,-1.2234685953210567,2
1814,12.854222482608728,1
7925,7.227530198993755,2
702,-4.2145517041911855,2
