,R,Q
4220,5.742827323396624,1
9024,3.2680087493892356,3
2009,7.103393995633033,2
1603,5.919629537628087,2
6910,6.710010815494121,3
1425,12.844868577754195,3
2662,5.122584028207243,1
2930,8.642891781087016,2
6943,2.100227871182632,3
1427,12.11499634411619,2
7484,2.3576655760180163,3
5495,3.4549624954919387,2
5411,2.5061382743269,1
2920,1.9246540732319484,1
1747,10.609613633798293,0
8669,5.424101620176925,2
1168,2.1352072747477004,1
965,9.339848113034202,1
5572,1.1544345889155971,2
1801,7.033326812951758,1
5599,4.517658475183742,1
6444,5.37470466387327,0
5625,5.674510216239826,1
2720,4.439064955560544,1
264,6.304938470036941,3
4245,2.8043942940344926,0
1814,16.535677039827682,3
3165,0.5972789429161913,0
2957,10.19763069632655,3
8046,6.846465179202394,2
1666,4.635036629116068,1
3631,4.87892004464218,2
3967,0.8576357960836549,3
6216,2.203976589733428,1
5685,18.985850943885207,1
7065,6.84602499013776,1
3424,1.6012320247220755,2
8630,3.072818718740332,2
972,4.627806953260465,2
76,1.0779515845567642,2
9476,3.1040053103978154,2
2114,4.1902154719989975,1
3676,8.699187235929298,3
2332,1.0767700285994084,1
917,6.561661949570757,3
8819,6.3186869694352,1
1481,6.480813497825607,2
7175,8.483549174637075,1
1680,20.065041446916283,2
382,3.8943980304136536,0
6555,3.6864583851923935,1
613,14.215609369151164,1
8982,15.628627160996954,3
5775,1.9513000522336106,3
6733,1.2615206236520595,1
2947,6.6332568297968155,1
764,0.5965270832318389,2
2604,11.593069736787033,2
8895,3.263285762113247,2
6923,8.13642113877474,1
287,8.53333140717416,1
1706,0.9219235688371112,3
7054,2.798152898360115,2
165,9.35607395659731,1
1421,7.76697302962511,2
3503,13.62127655509764,2
1033,0.7970040408441894,1
6310,9.080585242755843,3
3091,8.081911886656894,2
7149,5.356899870947493,0
7442,2.1824503352516755,2
5963,1.1947805270395109,2
5523,2.481075799536419,2
1398,2.875825948227383,1
8751,0.5567323928914683,1
783,4.482703901371177,2
6842,7.95342736125353,0
7112,9.402803228916616,2
6161,2.71141736997549,0
3794,6.153831875388114,3
454,2.0321383414387,2
3943,1.029698445222548,2
2650,8.941606512287139,2
8220,1.0667131741116798,0
7920,9.105833479090975,0
6744,7.806187686332469,1
5607,4.816467082728369,1
3840,8.271669221377675,1
9475,15.276920314765496,2
6418,2.683529666088558,2
9344,0.6959346253377139,1
4076,10.05266350171017,2
2206,0.7027208812153252,2
8363,8.26790179322165,2
1020,2.21762242404725,2
8825,9.219164581636782,1
4137,6.662128432279576,1
8480,8.962589119322976,1
3983,4.615317364541115,1
3272,8.948826484349068,1
423,7.815599432297185,2
2422,5.267366368257366,2
4787,8.00925680215531,2
2214,6.808028709896091,1
1341,7.067840915654324,2
261,3.0850002297457197,2
5788,3.0113001804972312,1
8590,5.319162881015388,1
1281,8.846865860538955,3
625,10.019361347229507,3
7272,1.292426548853497,1
3381,3.4019160761410197,2
5980,2.7017772234227784,1
3405,0.7342272469116822,1
7142,3.369748262534338,2
8097,2.3927497162544507,0
6164,4.644059632396949,2
6273,9.180215781473695,3
9489,7.018337571318364,1
7987,9.753725875013124,2
3430,3.7691736548437653,3
2072,10.692690649895196,1
3920,5.795617978567788,2
7754,7.334228365099947,3
5102,6.181609000080151,1
2792,2.5989279037855266,2
3709,3.654139642922171,1
7368,4.341856191223333,3
3908,1.9239362001824953,1
5475,2.0525675672887345,2
1908,2.470820643307561,1
7038,11.302174164086983,1
690,7.236779550757271,1
8624,3.4232282546247332,0
7548,5.062367258297044,0
6534,3.5931696856680997,3
8629,3.635693217491566,3
1762,3.034769300770876,1
8358,0.7586616522350225,2
354,4.0604891092720266,1
2812,3.7722891322627916,2
7236,4.8199485924516825,1
8810,1.7179586931660817,1
6354,1.9913101087964846,2
9444,2.24675357820225,1
8385,4.022864843691657,1
6442,1.0220827975446105,2
5474,5.508350550614487,1
8700,0.9971934719724795,1
6813,10.856483178936536,2
1849,1.9335409038190456,1
349,3.522229123465838,1
4000,10.412919802741976,1
7151,16.56615595375643,2
2537,9.497390145598715,2
8612,6.549202663136706,2
5816,3.504796502069438,2
8381,5.271317633306668,2
6288,5.986330510862972,0
8571,4.630724968787067,1
3798,2.8997463339132827,1
3109,1.8370612859149036,0
1721,7.945047003764366,1
2743,1.8781563917288875,1
6044,1.039936619116257,2
3978,8.029975063885946,1
4490,0.364013827171324,1
5373,4.070127477125602,2
4686,1.6239590772875603,0
5425,0.5635644745436413,1
7069,5.6750903819816,2
3988,6.279727044645029,3
2256,0.8285230282882539,3
8136,8.483022205446765,0
9036,2.97002402206593,2
7787,9.437416602865508,1
1217,12.779619290889318,1
8574,2.031714434218979,3
367,11.545319308803265,2
786,2.3763808743630332,2
4157,0.38973123818286826,2
2272,4.818768892639267,1
7940,4.299707896387037,2
9065,7.851755833876367,2
8222,3.8986283706295746,1
2490,7.29082971257953,0
761,3.7155511203905385,2
5954,5.103742792064943,2
1724,2.2246360661186655,3
9257,3.0902904562649565,2
8966,10.213221306557593,1
9211,12.14650527525161,1
3214,13.577339489909212,1
580,10.978009641246388,1
7822,10.206482084498276,2
4780,3.211334639586493,1
7352,3.3304524530570676,3
1459,6.045993902639529,3
2658,4.4825013087330134,1
6858,4.692573940325208,2
6828,2.440844266819466,3
8970,1.7810968734790618,2
1521,3.2262445438589684,1
4164,8.813921592486423,2
7400,8.741583619268782,2
8482,3.9891786438111896,0
5978,6.872311816890276,2
3760,4.564066261110428,2
8824,4.6662899799077895,3
6770,1.7610073242152429,0
5728,1.7871384182210597,3
4180,4.723098341476598,3
9460,10.908165217566864,1
9304,2.9611607638974076,3
7206,8.33085168557761,0
1635,10.398279346186765,2
8320,8.582660427750554,2
6367,8.069379463880658,2
7774,6.306675152499041,3
2307,9.218950131365894,2
8565,4.699778645167771,2
6624,2.035489072910943,2
8390,10.929019845171787,2
5656,10.986937854479265,1
7517,3.715226064577214,2
7969,2.9808075362622706,1
6484,3.5485467487935245,1
7901,4.592051477230744,2
327,10.19099154886661,2
42,6.535461420925496,0
3674,4.9802481654326325,1
9288,3.3634568919939536,2
422,3.12262918054801,1
8072,5.392593137986367,2
6840,6.204020986728951,1
3568,5.034114787097998,2
869,5.267434522386364,0
3089,2.4553423253310758,1
6705,9.39458368571341,2
1479,3.732490639335005,2
8062,5.026867309619509,1
5548,0.5174904394050217,3
7107,3.7511309775372386,2
857,2.4995179713685,2
4240,5.164023802307004,0
3934,2.8351850595433628,3
9431,4.140012769801068,3
3236,5.576313819549526,2
1154,3.739456429010799,1
5483,5.005982148102957,2
8768,2.24625105274601,2
5256,3.957167311323764,1
9215,4.527194822823242,1
4448,1.3457117534743221,1
3944,4.722167685329302,1
3896,5.155393548631315,1
5680,4.525312605874477,1
5729,0.821475884508686,2
4308,3.5046077602646477,3
5872,8.297393186538326,1
7063,1.5268736019686378,2
2918,5.860360076502536,2
3296,7.167554021466215,3
2158,4.486828400338619,1
1344,3.94198818679997,2
4449,3.907244681466892,3
5871,2.604405699102963,3
8627,1.216012064202939,2
1654,2.7296150035652267,2
481,3.2128993317193553,1
3422,11.698212557364403,2
3176,12.455231244714525,2
8929,2.8633043952735555,3
2331,6.203674178030885,2
9430,2.8565560687277514,1
4799,3.6757267389772474,2
7606,10.136045007280824,0
3512,6.569692491623239,2
8329,2.8222421245085916,0
3680,6.215536825942226,2
731,11.213536318516521,2
9366,8.766969553837871,1
7948,15.645121943893399,2
1129,5.4049533888924195,1
3927,4.044448257248622,1
326,3.368817733274953,2
8322,5.569866473462747,2
6836,4.0227818367582735,2
1733,11.75551967634891,0
4128,7.075778362460923,0
3341,0.4984861329272473,1
5950,3.709887467100825,1
4717,10.894894695360833,0
27,3.9221443049504225,2
2360,6.618079737506689,2
2950,5.452158369401764,1
502,5.7900075135030615,2
8412,3.197128740271046,2
8178,2.2788121594054944,1
1836,4.767434578303421,2
6312,1.978672645661009,2
2479,5.445615597236609,1
6681,1.4290396651325468,2
4676,7.842061447175631,2
9353,7.506270321809803,2
929,2.199721969971152,2
4783,6.02723742153071,1
2590,4.465430678236883,1
9124,6.157538594505654,1
3923,3.133028542432139,1
8238,3.44967761281319,3
6640,2.729136675420695,1
1846,3.068290380566117,2
4110,2.8796641210855562,2
3708,5.46747650500051,1
6207,6.035849594654429,1
8729,10.23455140493515,0
2789,3.884171089216445,2
2838,9.023099829970924,1
8561,15.5859829724686,2
5929,10.11088606551263,2
5111,0.23643813007063924,1
4247,0.5830390595051897,2
5323,0.2515901637229059,1
3117,0.3260774122224619,2
2654,8.388537734561,1
1457,7.855937540491302,1
6716,5.495411557208124,0
8804,9.247189161891013,1
8530,5.1358732370302755,2
8771,3.950501193077947,3
7217,8.263411062412027,2
7907,6.966524045978383,2
9009,6.961392450462055,0
5285,1.68558188123634,2
6159,4.991435106328835,3
2475,4.854671928337681,2
8671,5.338412078182518,1
4092,4.341725471026901,2
1945,4.3296603824593145,2
2481,3.9140441178974386,1
7906,7.160820693235738,1
526,15.721124532543126,2
1835,6.358087002031898,2
7220,7.538222420413275,2
4696,13.297486978400338,0
1475,7.676731394753587,3
1912,6.927997990282728,1
6068,1.2153460445478355,1
8286,2.1880788767296138,1
3550,2.0381498714079878,3
6302,10.19209154669802,3
9346,1.5951840101499077,2
7024,8.598050347738699,0
2225,5.961475020581146,2
1071,1.5723324237422305,1
7942,6.755727385643172,1
7186,11.959744089271933,2
5906,10.387590193118864,1
8188,3.7455187739669604,1
7147,4.79095116700672,2
3051,2.883128803799108,1
5094,3.4286189917666694,1
8903,8.268330588640808,1
1067,2.589539863759528,2
2960,3.840660986726086,3
4932,2.088328673957822,0
9362,10.848561244070188,3
7379,2.4204026484166707,2
2252,8.249131999392853,1
7506,2.3243065673927523,2
7678,4.451391802394793,1
5385,4.100905683266324,3
7585,7.230890272232152,3
1620,8.643116994286972,1
6,3.393234005222697,1
1415,1.0583820388099403,2
5301,0.5127100944523632,1
6591,4.7489253822719455,1
3383,0.17006256062247344,1
1880,3.6170530655947672,2
5620,7.809872095146764,1
8065,10.568387267204606,1
8726,5.063030910127868,2
1914,5.02785364500962,1
559,15.118882405705822,1
3713,8.404046912446324,1
4501,2.5910171337585632,2
4328,4.302479690795663,2
1153,4.299506124486703,1
4104,4.024603562301845,3
7089,4.904810665673272,3
6372,15.366121201919835,1
3830,12.881235531533417,2
8512,7.285286294655652,1
1113,2.25689398592923,2
6786,10.185180482743293,1
3122,5.004300029383995,0
1318,9.122725229653186,1
911,8.28174973249085,3
5847,2.1613607397312977,1
5284,4.369062695468751,2
7817,5.061383661911315,2
4378,3.494642461038849,2
5860,8.605713197773607,2
7688,2.850723220823506,1
4205,5.235619204108456,2
7893,3.6073853275168553,2
6077,7.119165142394144,2
5713,10.5421965268734,3
1996,2.2780724093078915,1
208,18.834597590636843,1
1897,1.3449858282632186,0
3258,3.151597235709647,2
6986,2.047221747903802,2
2133,3.6417113975947437,3
3459,6.048508942830336,2
5257,4.700633460454653,2
2000,2.3623088278714155,1
6363,5.477070315085317,2
2254,8.404361368727276,3
3134,5.503636901162917,3
2188,3.365541212107262,2
5866,12.731726258472506,2
7356,1.9511394576221,2
8733,2.678612329649953,2
4521,2.973385649609226,2
1216,3.024511551819876,1
316,14.708759786280986,2
4944,3.6628077111923263,3
1450,7.488149235243672,3
8506,4.275832297945154,2
2330,11.691854065897267,3
890,2.210814371476691,2
8745,5.838502752521146,1
4575,13.187529074216016,3
5975,10.284107834223295,1
2315,2.3910264692377137,1
4592,8.669212068054723,2
3043,1.5843952184466499,3
103,7.835738507541167,2
1895,2.0713547707787425,1
7062,0.7235468142122605,1
4257,4.946076935119782,3
9321,6.609739850183747,2
985,9.471547317587437,2
696,4.3525337491112115,1
5308,11.520465884520092,1
8479,5.578920211428111,1
2346,1.653822166353291,1
3740,5.089924782776352,2
2353,2.1327207553167167,2
4969,4.032994647247255,0
8295,3.4601557104057354,1
2807,0.8271354089981149,1
909,3.200055484650985,2
5843,2.8753502167893115,1
3418,11.418507473777565,1
5463,14.446613070076555,2
8770,8.05574727837062,2
2466,2.056191993398298,2
4227,3.7233532118766037,2
8932,2.7227780412011806,3
4090,15.082722884290645,1
2499,6.231636580169263,1
800,22.893154758968937,2
8882,9.251175792154134,2
3982,2.607630240665812,2
7803,9.633082298654541,3
6050,17.080752689049678,1
2033,6.001439565788348,0
1792,2.8150660559934595,1
3271,3.834836419339023,3
7785,10.183808197912304,2
2327,13.325443384333475,3
4856,6.84925446042891,2
8921,3.4826023914254103,0
2876,1.290724153727215,1
5937,1.4968205907050678,3
9200,3.1740299801354643,2
6907,3.609342962569012,2
9067,3.91664279150855,2
6684,5.408830085185272,1
2032,9.655720337355428,3
6024,3.199023191603602,3
3005,9.798827363594645,3
1383,9.341180951942707,2
528,2.7989418821788887,2
5858,2.4882851699373005,1
2197,6.00429421694372,1
1474,1.4726819589174822,3
798,11.657312218769409,2
3974,3.1241480385639337,3
4211,4.323343464340173,2
7365,4.316244363343269,2
7079,6.536719994286918,2
2043,8.287700466292277,1
2007,11.049419827576388,1
5675,8.26721994204567,2
3076,2.086923328906152,1
3152,1.8073486211982899,0
3402,3.3529879101716746,1
2595,5.012201004755548,2
5008,1.8710980601568865,2
8350,8.683962489234178,1
4223,9.932670590936427,2
6218,6.449354670939767,0
7540,4.391610028079556,3
1397,2.3831958833583737,1
2409,11.190601648661595,3
6832,3.3638304668051395,1
4895,3.6207459931984913,2
6009,19.116652351405477,2
3515,8.653057164587942,3
5562,4.472863764914991,3
6134,3.872953155272452,1
1070,7.886800165066326,1
9324,5.788151257420374,1
7473,2.9449136644428737,1
5793,14.929902721556292,2
5833,1.707655518219803,2
2413,0.4238981737626253,2
4941,5.314586537543555,1
6715,1.756028403239792,1
4495,2.750428746583184,1
7545,5.161772113408773,1
1293,4.909336491297151,2
8714,11.17480892019574,2
7772,5.391379347540236,3
7509,2.8339938594480474,2
6531,5.9838447693996315,2
3204,2.27219113095412,1
9050,3.502631923240588,3
7290,7.20639838859162,2
3201,2.702698345660925,2
1229,8.04798467143595,1
8853,6.020195705546277,2
8631,8.492489692592791,1
5337,6.440133985550727,1
8397,3.365738680779576,0
2706,2.8572488106243585,2
3546,8.848616794556012,1
4684,5.750536467967525,2
3414,9.703716566954855,1
3999,7.157789872570028,0
7431,5.105997043845189,2
369,1.289832024585826,2
9392,0.8576721385085471,2
2144,7.679110072257615,1
959,1.1302264689610455,1
7858,2.941500343078838,2
145,10.159429149599003,0
6672,1.5771780941821776,1
556,3.3503124388535594,1
6169,4.353514867215518,3
6067,9.374576321463987,1
4987,1.4840552838925556,1
8922,15.625712409175055,1
5549,2.7885196576052693,3
3682,3.895972649555289,0
4556,8.03561620804411,1
3069,6.520233478786441,1
5609,3.369311422664599,0
7586,3.085921080578238,1
5196,7.3997352677153,2
5317,1.5129681647879334,1
9305,2.621357132936097,2
7722,5.354139408836173,1
5147,1.6391197784982587,1
1812,1.6965456817588727,3
3971,5.116290139496234,1
951,3.8955042214526436,2
4539,11.193907463858615,1
2984,1.1815253356615587,0
48,6.514540092144037,1
2055,3.80705908962923,1
2016,14.177320816072424,2
3482,0.28732004944318157,1
2791,10.47102616741288,2
864,2.6169455990724404,1
8866,3.8535100433982574,2
781,8.521999861691782,1
3411,8.247576225312054,2
40,8.853265570089768,2
672,6.593137666259656,0
7793,4.427729470372495,0
1764,6.992673161999753,1
6127,5.370134870011208,1
6457,11.388651352450857,3
3098,10.467234137006647,0
6473,8.94820574042042,2
6834,3.692777832915024,2
3947,3.594783131625058,2
8696,4.494999585166876,1
5529,2.6899945232138878,2
2917,4.585937173863366,1
6469,1.3828027407126888,2
8007,2.7084562926545175,2
7943,5.710403779864403,1
4299,1.0657820833422131,2
4028,3.3031247938833834,1
6885,1.6120908453431015,3
7565,1.7403866584457255,0
4804,4.365895822903395,1
1737,2.1761211850616204,1
5795,7.827500092544178,0
1294,4.354672095777412,1
6222,1.1742584781785879,3
2902,5.668353457608871,2
1778,11.173616906542728,2
8404,7.226244270175087,1
5449,6.372573664925673,3
4276,4.471000923428803,3
2556,9.64849847217203,0
6244,5.452243739731848,1
8327,2.094945771320382,2
342,14.056672035135314,3
2543,3.3961608040278737,0
3990,3.6824305000986444,0
6852,7.237711055067509,2
3519,4.804619777369889,2
1670,2.036229130999649,3
8232,1.1807226543776945,2
8303,10.792345307930622,3
4809,7.796098546761883,1
9000,6.266563605348793,1
8780,4.046222483788188,2
9202,11.440084380513621,1
5139,2.9889091260357232,3
5276,4.18927936041179,0
2696,4.735130553429989,2
2824,0.9685908209233336,2
8850,12.33174056410678,2
979,0.6794144470172223,0
1258,13.60293422268297,0
4030,6.760464723002851,1
1079,3.276489004794298,2
7019,8.555757214872083,1
6115,5.257934205765114,2
7796,2.6284669472421642,2
9265,5.11814863835053,2
4999,7.55468074549497,3
8428,15.880377534973976,1
3233,6.945879766798997,1
2830,3.335505123002209,1
2156,0.6710944289021835,2
7673,7.4230359640609125,1
6515,2.023572216453577,0
3757,6.130217631895922,3
4865,1.909534614366025,1
8341,3.2076178112737725,1
5674,3.7775676032561085,2
359,23.05543792214368,3
8313,3.9827721708652595,2
7197,4.886586049103956,2
2587,6.940617922532109,1
3955,4.84695411684003,1
8434,10.768160543024212,2
2772,1.4055834212909901,3
8662,5.804020785190478,1
3778,0.8309028564621961,1
201,2.431738676180174,1
3105,4.671668937763338,2
918,16.03273814901334,2
6552,1.6297085796344577,1
8119,8.361287904836747,3
5577,4.136635014426717,3
6269,0.30759137175621315,1
3558,8.894220504921554,3
4790,3.4130668820931223,1
6818,3.0629435534832057,3
7928,4.354641795488353,2
7999,1.7932388743355334,1
2266,1.7306139605453459,0
1069,4.28625644945958,1
2352,6.693137879615028,1
385,3.2364490828530332,3
2622,14.38797498819229,2
5029,6.539230319554576,2
3072,3.171784213008989,1
5262,1.584358763462228,2
3406,7.785159633901398,2
3881,4.320385694347097,1
3906,3.4275932446370927,2
7551,1.164745434380873,0
1971,2.46594953648606,1
7270,1.4163429338775408,2
5874,2.477845731906908,3
9237,8.161368231876645,2
569,4.852335326403919,2
2157,2.9965197488469175,3
3189,2.5693756554773763,3
7600,7.683281068509709,1
2105,0.7105959101254583,2
8427,7.657470481019181,1
6819,3.8045613324941154,1
9383,5.77836545309303,1
5976,3.4416222730919985,3
6521,3.2593954522659896,1
298,9.997681848287911,1
7360,1.4747142001008873,2
5525,7.5049168097349686,1
4823,2.2612070179639616,1
1786,19.96542567573401,2
1619,14.35711818891831,1
2411,1.8754765906511093,2
6903,3.8953900043225023,0
4394,8.103607825029378,0
7536,5.69642400776746,0
6180,5.177213653158045,2
3035,5.426814249557399,2
3540,10.498109209237482,2
4414,2.916851157422783,1
8362,3.851286359198138,2
9378,6.167285472218849,1
4850,3.529233766394835,2
1387,7.696153901212657,1
2386,7.621632162402754,1
2732,2.920734038299085,1
3502,1.519154912710368,3
3570,3.5396812035096117,3
2931,2.95033177330296,3
1633,9.099426958914753,2
6627,3.1625384965778736,3
1989,3.5667761470008594,0
1038,5.915393718330236,1
2558,2.4344197853446676,2
1272,2.194891504862449,1
6138,6.742863986321014,3
1452,1.7357323821886166,1
7572,5.741021731208486,2
5299,1.0907929040275637,1
2553,7.3515317922756305,1
2091,14.447452408254485,0
5664,2.327830011763541,2
1291,10.741104740025989,2
4423,6.400904029324369,3
5805,1.7614343676702915,2
6549,5.341477882343295,1
504,2.749076871353737,2
1732,3.965339857815298,2
2901,14.105209565645634,2
5907,0.9210565249364318,2
5546,4.2742988463425595,1
2502,8.080051434681497,0
8165,9.403272403225522,0
8423,11.747348102313197,2
3961,6.0950297236956885,1
3323,3.2184456202591623,2
5162,2.1337916299781465,2
8278,8.167849097427109,2
3769,5.168516765380059,2
8591,20.648343171625946,2
6717,2.9530612058708283,2
8190,6.87687460194689,1
6883,6.214821040564971,1
4760,11.34594672226333,2
6724,11.946983953031868,1
6142,5.27719079751114,2
5962,4.9228353974241505,1
8752,3.1607365471532747,3
895,11.154633371940138,1
1182,10.005188513244235,3
3776,5.560605606147805,2
5388,6.979235340292977,2
8484,0.9722336042063233,2
6869,5.689824908165388,1
9091,5.7339023003432095,1
819,3.4035269110950637,2
3001,4.604380495747858,2
4891,2.0256548969930352,2
8537,13.178664927357932,1
2640,1.580848541324126,0
6337,9.094995921953732,1
2446,3.3877296551475204,2
4861,2.0519320450853327,1
1096,9.748398233603673,0
1306,7.0598934285071575,2
5115,1.7428347814297576,0
8145,7.414298817011872,2
1850,4.610015375862361,1
584,1.4952986526066911,2
3170,0.8892270571058898,3
7455,6.262908098603129,1
6454,6.964745723065009,1
888,7.430473266137328,2
138,4.568662125824423,3
4244,0.2772600648368536,1
6961,7.494315146380938,2
8712,5.141829392969379,0
6272,7.276813523349043,0
4284,10.720708034666108,1
1565,0.6487620157126341,0
2435,0.5499427559449347,3
3611,2.2643127464608708,2
8029,10.55252076179889,2
3230,2.5638860021156566,3
3900,1.1300596088951573,1
2532,3.9937172969981423,2
300,7.3454143194391515,2
4143,3.802246593131591,2
5149,8.907317651001113,2
7825,4.178499870777834,3
6861,0.711233330467587,2
1208,1.8606026868675487,2
2853,3.2254237775917494,1
4338,10.813920837192512,0
6547,7.652516291679987,3
2160,1.8440742834339987,1
6714,3.509399899628984,2
8728,4.715929533284231,1
3417,11.116394793737786,3
2909,6.070664288860647,0
6294,10.841041719173086,2
6479,1.6131851848726688,1
8909,10.45035543862749,2
7162,3.184447639806947,1
8608,2.1649349844889896,1
7674,9.28189055744518,2
3045,6.988586832678056,2
3615,1.1849102374726388,0
3364,1.4908020550210832,2
2850,5.361167122490711,1
5576,0.6610421951464749,2
9174,4.2137336234709935,1
1500,5.887436519771249,1
4371,1.1395773447666668,1
6263,2.26230830709643,2
3207,2.680459546339851,3
1160,7.643398461332512,1
2582,1.5145597233233783,2
5560,5.359099445765954,0
8874,4.976559376292024,2
6381,2.3650145860550187,1
113,5.875862225093369,0
5128,3.0928307174230922,2
6666,0.5061533324126055,2
1184,9.314951463149805,2
6542,3.5152780966105963,3
6317,2.4141772063434477,1
2140,1.83790445469537,1
8555,4.126182455133017,1
4788,5.954277167206919,2
3573,9.300067421389087,2
170,5.4683117217546675,2
9106,2.9733063940652333,2
3812,2.4149143923271943,1
6278,5.709511793652034,3
4972,3.593777126457848,3
4270,6.092667199550911,1
8347,2.169340466562815,1
7717,4.172407930437217,1
7416,1.0317501595310614,3
3797,2.368599397290784,1
368,0.5015983320948209,2
9322,6.922713602294921,2
6188,6.386657536650456,2
4389,6.575845156159965,3
573,6.079060457821903,0
3793,4.069054408135033,1
5462,7.780747642111706,1
3827,3.4315922385176805,3
5305,7.573147007266311,2
7836,14.233264059413063,2
6366,16.038826922056458,2
4963,3.36121239069732,1
1122,8.695933719345016,1
6313,9.958902917782517,0
8380,1.8677854005631258,3
2451,1.925744197692523,2
758,2.8988444292254996,1
2997,6.397595591770769,1
3358,4.906098795459955,1
245,4.662721032690055,1
1295,4.507898283414958,3
7,7.4094434202936394,0
6385,5.762226363973875,1
5491,0.5932103740668495,3
3239,2.985209999848707,0
2844,5.600988408173059,1
6616,9.932245770502247,2
6494,6.060222681383648,1
9491,4.187183635014972,0
4200,18.534390677636225,1
4902,3.045599062472522,2
3377,5.552337744561096,1
2554,5.5990456822643555,3
6441,0.6424504663979176,1
4946,2.946892981094708,1
1893,8.192093963692205,1
6621,2.0701018221028886,0
1795,4.4519159252751,1
8376,12.147900891078855,1
420,4.8657106670103065,3
2864,0.7959374767641509,2
1434,7.196579087496967,1
7742,1.202132250120179,1
8969,4.256210123742719,1
9435,0.75477100468915,3
4489,2.068904428077034,2
8711,2.40608505514971,2
5245,7.5287739386151245,2
8622,5.815688093445884,1
7523,6.49112581901962,0
5032,9.310731834933492,2
968,4.508677718077764,1
1200,11.475748732284462,2
5819,10.099251579202157,1
4062,12.560431046710246,1
2402,4.190135140099225,0
3921,4.176528197955143,2
3897,1.2658666853539438,2
9468,12.617649414228485,1
6212,6.880512495372519,2
406,0.7222277767361951,2
7237,2.613431083928096,3
8039,2.3082774138744213,2
7763,15.018480270200694,0
3799,4.558026919508821,2
4868,8.953609372820944,2
9002,2.5927113446389503,2
2224,5.861101355287402,1
1105,1.6057826707016103,1
9417,6.831097073260677,1
5390,5.2928582821338495,1
5887,2.5263918550503695,2
2104,4.666525311801074,2
6933,9.979377983153254,1
6392,4.218685916970326,1
4875,2.0467847809731206,1
4652,6.430107632240421,1
8923,5.065763649300194,2
94,2.0953852364111896,2
4595,3.7846643476894597,1
6778,2.974304757138449,1
7789,5.990842807660228,3
5316,4.619979786076558,0
3521,5.575812926120413,1
4432,7.721578615491994,1
3102,10.332372336078613,1
4317,4.960012828011967,0
858,5.49030697088636,3
9003,4.156209364796001,3
2521,0.6126116783731764,2
7140,4.725205444127951,0
7833,3.7048216865599968,1
6781,7.3689801558225785,0
671,0.5711960564993541,0
7508,5.6037174574488295,1
8198,8.546411135644219,2
7111,8.210052587144645,1
2802,10.48425559995794,1
155,7.011751479409012,1
9044,7.0139083096939006,3
8515,5.0433783591484085,0
1346,9.467398925591075,1
1357,5.339261386474456,0
4361,4.11528330376996,0
1308,1.5751925405024578,2
8784,4.866380750911745,0
5009,3.7996939432667896,1
7407,9.406876620640773,1
84,5.7497152313328375,1
4548,5.822735578827753,1
7682,5.734757841121283,1
9400,3.275374496546725,3
3718,2.8763625207870627,2
5649,7.251220098030534,1
734,2.296432345964636,3
4025,2.484096273077256,0
306,4.420975342004036,1
6737,4.6648284782124785,2
1512,7.370534089678049,2
8309,4.324475251484183,1
5829,3.5795672424372658,0
8646,12.128070610791488,1
2575,8.074541314367533,1
708,5.253888352205697,1
5541,1.6092253889173058,1
3588,3.0245983597536545,2
8098,4.186595533814669,0
2835,7.747596002787628,2
860,1.0606010126159173,1
3614,4.303095989009771,2
6219,2.889409250662534,2
6256,3.2476365465097397,0
1777,2.1174634823005434,0
4882,3.088739301471735,2
2090,3.8592545192346135,2
8060,3.370846937040679,3
3278,2.6064966170297894,2
8040,10.479141813694973,3
3198,1.7504564707781307,3
3479,4.993364049276184,1
3925,11.429141056237544,3
5219,9.967653617641757,3
992,3.5717242953590516,2
6422,2.217526089446091,1
7604,0.5803386609370835,2
4465,11.68284128045071,1
4974,9.832427812123072,1
1206,2.8130224630282292,1
4748,2.2693738321273553,1
3671,9.729960401336715,2
1390,5.331736734120722,2
8707,1.3804519430395816,2
1269,4.159693708617916,1
2525,1.0161863287770263,2
1616,5.924171902441595,0
9227,1.088907561314228,3
6868,11.563028928711688,2
8396,4.73182177106611,2
4230,4.686503251891619,3
5270,0.9765517925738614,0
3937,3.3057259022038714,1
5777,11.282901896066695,3
3491,2.595441850950868,3
8861,5.619480959228521,1
2570,14.183061635721486,2
6676,5.605924627715028,3
3484,2.8692825985285033,1
6697,2.2352970179087865,1
3998,10.59593674958378,2
7154,4.10068487762924,2
405,9.853301423660703,1
3127,5.098962579086127,1
3968,3.7363997185567746,3
652,2.767875131173729,2
4199,2.646127623871824,1
3569,8.146934588172243,3
577,3.7235379615708184,2
2248,1.11100154957703,2
8994,11.219662386387242,1
1632,2.731512574758555,3
7697,6.964240980769997,1
5447,9.498989557348555,3
5836,9.500375064647564,1
1254,5.576155130937584,1
6779,2.095708347163781,2
324,2.377975925475352,1
6000,1.5801806474545337,2
5030,3.273771395463476,1
2581,3.2494219344131396,1
7807,5.539561281791603,2
8823,5.207849035567085,3
6062,8.331429913637846,2
3576,2.15168562791925,2
5772,3.04029361696533,1
5324,4.985056370799521,0
2880,4.000368742801899,2
4460,1.9253003962774653,3
5725,6.198093374743499,2
1046,2.5642632692825433,2
3922,6.234060063787316,1
2223,10.428172908038498,1
4116,7.419628852128543,3
4551,4.608616718545445,2
1865,5.956854541337915,2
8635,17.75746052614526,1
3656,7.383892827725369,1
4283,3.389404906024245,2
3698,1.1178833454812536,1
1729,1.0629412036699362,1
1862,4.8760168737844785,1
5828,8.593131034747081,1
3699,5.047281233098281,1
4293,5.428824860238057,1
6932,7.1423165288149715,0
5492,7.868573026747729,2
2040,3.626977491993501,1
4832,1.4448262367075775,2
4965,3.5045405368614033,2
8894,7.777775082580363,2
8647,3.79754377626941,0
9187,13.247046212120114,2
5590,22.47407073489874,0
4315,2.0686819729528896,0
2209,3.356603181334581,2
9207,1.1868570129404175,2
7223,4.821116861511021,2
3328,5.4428700768443345,1
4834,1.6204580669638942,1
7773,4.2631649749740035,1
5604,4.874786201253221,2
3029,4.2794128667136615,0
270,1.8720430611572976,2
5275,17.764938418626112,2
2768,6.13103697984544,0
6328,5.200945287641594,2
251,2.5149653931021767,1
6107,3.962656053405739,1
1058,4.394662008136128,1
3237,9.191927537373777,2
7362,2.333451413197559,3
1508,3.211902946100354,3
3822,2.9036702703779538,1
1373,4.835972840439519,1
4560,3.8329908951405773,1
4887,5.121275649350044,2
597,9.45479767452399,1
8081,10.944715039793515,3
1889,2.546993307406762,1
7303,9.61784661510206,2
5571,0.9295663963651697,3
6236,2.4898019584701734,1
3103,4.3483906023735415,2
6645,6.358392126192205,0
6843,12.68958229697288,1
1768,0.7734878853818243,0
7816,1.7733213070848597,1
1923,9.196525677977455,1
5402,1.0933475081203559,2
3251,11.766546818020554,1
791,7.954495711565615,1
5292,1.8100557123433711,1
4123,3.0675092953185823,2
7947,4.999489998777211,2
2677,1.3143968779758601,1
4068,4.883705149120026,2
120,10.292575291345226,3
8538,3.1156032681793957,1
3395,1.6771614162433797,2
8241,5.3536024984155794,0
8722,1.975958724708177,1
6006,3.055558016409149,2
9221,2.5093302931054806,1
572,7.167814028831822,3
7652,11.631298841988755,2
5684,1.6266943845864725,2
1372,4.757983689332445,3
6841,7.347151641130268,2
7938,6.787143367921535,2
3589,1.156545714191966,1
4122,3.749801978607611,1
3951,1.8837593685728629,1
1902,4.140643158304615,3
2656,1.6132986755236536,3
2245,1.1733878278028238,2
358,4.0292264963546325,1
6445,2.76985523129792,1
9286,3.587462751754969,1
7666,2.4604010476509974,3
2987,0.8467003904798993,1
9329,4.172176124467722,3
5457,2.7331336903539794,2
6796,8.678415780872674,1
8908,1.4919195553521947,1
7133,6.173637824876188,1
3715,7.491111963209144,1
904,7.883145126406148,1
1388,8.060844278392047,1
7102,3.2576167769706044,2
5726,5.644983359038383,2
4742,4.322306297221984,2
1198,3.541025827750917,1
7125,8.780561216765944,3
7884,7.449773591744279,1
5744,5.664792790349942,2
160,7.6421852714967144,2
3298,8.458500126126378,1
769,4.3802683252538,2
5377,3.2023588079087792,3
8596,6.690311220162762,0
5973,0.4230331447938297,2
3579,4.525777562297047,2
8628,1.2970377124187564,1
1900,1.0889364887504627,0
5248,10.555166413535535,2
1837,11.375224355461915,0
5406,5.495616506369349,2
4013,7.1126096063998485,2
7159,4.487186076299723,2
8809,8.402811011882724,2
6162,2.4288990947225715,1
487,7.233225504813853,1
3028,1.5833855616843673,2
738,10.205721558122006,1
9298,6.560545423316235,1
8552,6.788814353661671,1
1364,23.568129439995182,0
7607,2.2123710305272923,2
7840,4.735796587222598,2
9162,12.634212011095865,2
713,5.59817139964236,1
2434,2.803735023750031,1
2491,7.176556976145296,3
1855,12.45036035370262,1
914,7.7820408080866175,3
1487,15.985398528750505,1
1506,2.7030733055653955,1
1887,4.169720607956609,3
5640,2.1226971497144604,2
5818,9.95927923173669,2
3255,4.443210270520929,1
9319,0.9450046659283126,2
9138,4.979383180257851,0
7211,4.118324458546125,2
1617,8.19137808925344,2
2076,2.994922831061643,3
2317,0.38138306822503687,3
6477,4.287038484969122,1
2309,6.0852084629586765,3
3141,2.0442749874625887,1
1170,3.88289616119976,2
9243,0.36159167273579773,1
5595,2.5770382619816656,2
6735,9.716798448562642,1
5588,7.746268906729075,2
6145,2.2164440256623346,0
3775,4.6066143318923,3
3647,8.244295291696146,0
2529,6.28730448355233,2
1496,16.594618287717857,2
891,11.350703409926657,2
3563,0.39042343844129695,3
5884,4.273429178609314,2
7452,7.480944781453978,2
4052,6.586580685385348,0
6403,3.768128587842165,3
935,7.252704986775774,0
3119,1.0367943220309015,1
998,3.0385110679269074,1
5662,3.8740680683123667,3
3665,13.80414505354192,1
5592,4.924799681839304,3
2096,2.93571337751317,2
3831,1.9358511871044197,1
2431,2.664575648096628,0
8761,1.1465813112073002,0
380,10.968218438690796,2
6192,5.117146270366718,1
4568,3.676066662649758,1
8324,9.924817355624864,1
4980,9.678227008197204,1
6576,3.834763374722314,1
529,3.4633737211966062,2
7385,8.59467796101007,1
7096,7.753182450475366,2
2657,1.7927490697046276,0
5184,2.815382360612458,2
2646,19.13540902541381,0
2943,11.021791909909396,1
6690,15.627867259621322,2
3924,3.8861237390276906,2
5234,4.859574031301523,3
3199,5.346493654644446,2
8269,1.0238401455435158,3
2152,10.881485927884459,0
530,0.6715711574612218,2
6248,4.0512851280133155,2
6706,8.977497028881421,1
6622,4.90514085260607,2
6797,8.97074902699401,0
393,5.604999068901777,3
8513,2.82021016649149,0
9184,7.811362385264633,1
5192,0.5270151796213738,2
730,7.595896075462792,1
6155,1.1767637071157968,2
3139,14.525625177339286,1
6198,2.8711146003175423,1
8621,1.1672075885520912,3
3583,0.47410521438365305,3
2462,9.663472708434703,2
8202,7.452316185319665,1
7689,2.6732303197204934,2
5915,6.960370098140299,1
6650,4.979167150591902,3
4136,3.344998074291316,2
5930,4.137941876656969,3
7853,7.7087712616997415,2
7076,5.272039170155265,1
6875,3.2933694382394934,1
6851,4.726574642683376,1
3754,8.018953228518534,1
3009,9.106251085013655,3
2870,4.771061482067461,1
924,14.982188119212378,1
1928,5.724504562177751,2
5705,7.728745424846429,1
604,9.183463839203414,2
1342,2.2019002929282414,1
3416,9.942293745739152,2
3468,3.290140557504589,3
8942,4.323886434198354,2
6490,2.1718053003490003,2
523,5.800397010074153,0
5498,1.38757622217364,1
9086,4.590525188333995,0
5304,5.097898509684715,1
9248,7.32912787986309,2
8720,4.1039770890030685,3
592,5.9830185618804395,2
7424,2.3136442953567715,2
5208,8.512511251530753,2
1502,2.995889583136294,3
8476,4.441939457152067,1
7653,7.064978773384821,1
7848,11.111985598136116,1
7900,0.4167603769156064,2
4507,4.953678271712377,0
6673,6.6791137438099,1
3000,2.6336407283374346,2
4210,4.256572846540916,2
3805,21.78148427371713,0
68,4.2913793178918995,2
8473,0.5681815226345331,1
4072,6.92497241944387,0
2924,3.326433282283685,2
4528,7.512078124828344,3
6677,3.34748372101852,1
304,3.0066103208895374,2
2059,13.559984559944285,1
7897,11.219188976149919,2
8867,7.055400731860892,1
7910,9.591622385606058,2
492,6.568098383081496,1
1174,3.391536145111304,0
8806,2.5658134942140496,1
6694,2.0261807000691707,2
310,3.540340625452612,2
5997,13.632186999188775,2
5251,4.309636321836719,1
7012,2.04908254638824,3
1278,4.019955392838853,1
1825,4.755512661708446,2
6334,5.015463542510988,2
4066,8.302448217158467,3
8453,6.940581099108736,1
1022,17.066173332920492,1
4960,3.4966354769648444,2
3274,6.2147477622544045,1
132,8.120937865047669,2
4041,3.9267831558389292,2
4517,10.884458693760687,1
5394,3.5921618333103926,2
2982,2.2108080767287706,1
3952,2.6567049049586293,1
7530,7.616968870136185,1
5207,10.66526565087419,1
7583,6.951798643229306,2
850,1.8910370263083265,3
6042,6.402947487795679,1
7144,0.2878173835452914,2
9008,1.4681859331392364,1
1831,4.323676612461226,2
9186,6.041890159197276,3
4516,2.7900367733219165,2
7567,2.6910678999495787,2
345,4.5284804095709275,0
5499,7.734204224501932,0
3049,4.599886172122792,2
8200,2.4569583264457635,2
1321,3.322993194176718,2
6608,3.8254666967148494,1
5586,0.46608654467693966,1
8305,3.7423386975237443,2
4509,8.196671982850942,1
3858,2.5971698527158384,2
4120,8.840428222973564,1
6485,3.968357041080505,1
2276,6.734581859585802,2
3123,1.0866496344372465,1
1240,3.740784784754138,3
1615,6.351809899646484,1
8048,6.1033762086339785,3
2424,5.219495893162914,1
4698,6.28592218103346,2
7279,2.4742938525327984,2
3581,1.4578157001187708,2
1143,7.485875940737937,2
1303,3.073128026956198,2
2869,6.444165359162999,3
7724,9.33404291171323,1
5815,2.655919640720926,2
7028,4.134657494183483,2
5679,12.811982861954768,1
4610,7.180646045043473,2
7131,2.7399488080891556,0
1090,6.087391955219822,2
7800,3.827551613532414,0
2306,7.40113257121995,2
81,8.858886479112758,3
25,5.693506723071211,1
970,5.68205401834499,3
5826,2.8753010926721956,1
8674,4.09588912572313,1
4715,1.7267690859192624,3
1558,15.279966399653421,1
3301,9.418646558220772,1
8754,10.064555557536028,3
7944,5.99043601858147,0
2699,5.6020580913405436,3
1270,2.20671916426202,3
2334,11.16070105680872,1
3300,5.334568389449695,3
7469,4.0320984408235665,0
1909,1.8074172265920916,1
6183,3.855757832387368,2
5272,6.409248413276961,2
1606,1.3469004283861374,2
679,11.477844532791371,1
6686,3.262969050082006,1
4118,2.9008425877986306,2
3841,1.3405128005988096,1
4197,4.786789897798457,1
7976,4.120702132527523,1
8998,5.783987377113554,0
5164,7.844754335155125,3
1969,6.152968778650287,3
8569,1.8017765587394026,1
1239,1.124259286905334,0
5878,3.2318285631924297,1
7663,2.763717116199441,2
666,2.009662333754047,1
87,7.306131660083244,2
977,5.432345255385071,2
4536,6.644077887561271,3
4642,11.720863197477538,1
5686,4.3853778453546415,3
4739,1.7788980366093763,1
5023,1.2600287133238197,2
6137,0.4558843762371775,2
2778,2.905411812007587,2
1878,1.4771596949936192,2
6322,1.9586544071123106,3
5201,2.05853460770237,3
5796,9.974412805218968,2
8925,8.01025521490811,1
4654,3.9183055379378238,2
2643,8.399134291703866,2
5731,5.199492631375232,2
4922,4.865889387466175,3
1579,4.422467552039371,2
520,6.448294970971375,2
318,0.3950090458155917,2
4300,7.821516718343823,2
4035,1.287624393684386,2
1386,1.7613550346239366,1
2054,4.050154478112779,2
1391,8.219292990515884,1
2195,10.56760588581698,1
7351,11.01973326629295,2
8489,12.560936976122843,0
3041,6.963167945675038,1
8548,10.505898559798755,1
7736,4.4982157177315045,3
6848,2.474292435625932,3
7723,9.864743804375667,1
5403,7.545071732815042,1
147,2.729502286566947,2
4074,2.0009985986639336,1
8443,6.0202039197112605,1
1879,11.501387692059275,1
5431,5.071133154982612,0
5959,4.9233697529555,2
6743,9.243467106259619,2
6316,10.51401826024024,2
931,9.807754468526893,2
4347,4.309360911810509,1
5218,9.985670049290505,1
1964,6.386004261810665,2
2671,5.545125209092201,3
1943,6.169220176330546,2
9318,2.415098570623555,2
6953,3.769712128624956,1
5596,2.5922372098992814,0
7258,8.427772928363858,2
8288,5.073151206899954,1
539,4.192106064842925,3
4384,4.244405076022537,2
4403,6.0794709994174285,2
3369,4.688150566096772,1
7489,1.5122263386571881,3
99,2.6120560381386295,2
3885,11.103854410088639,1
1884,2.0982122326967056,1
7450,10.31290333476043,1
3006,6.2488149053475075,2
240,14.331771895135635,1
1869,5.94071224606752,1
7132,8.460631981198004,1
9391,3.0443571881816913,2
8265,2.1106593177874524,0
6785,1.2219904915921314,1
1833,5.177199852049148,2
8384,2.265019304663792,1
9101,9.184105377285714,3
2313,9.630839555866745,3
1463,4.244337121249536,1
4133,0.62602856329005,2
2143,1.9736025854389831,1
4547,7.2493941638017585,0
3505,2.934722973432754,1
5547,3.7456945022943304,3
2535,4.76126811665819,2
8613,9.123344968511834,3
7427,13.167820134441165,2
6036,5.093949022656199,2
3392,6.417337584159748,1
3710,4.244658090394441,0
9214,3.0011564769627492,2
892,6.7323016833448355,3
2283,5.126564966687811,1
7160,7.514900540448648,0
5875,7.100668439644265,1
9347,4.314349601573838,2
3303,1.6267860677719712,2
11,6.31849691204449,3
7106,9.159117567309131,2
6926,6.733295001650865,3
7931,6.197275075201799,2
5779,7.341966021469153,1
3070,1.6500555024961976,1
9025,3.105477028284124,1
9216,6.374905228883973,1
8053,8.753875390199939,1
6765,0.5893743495978133,2
6078,6.38038367791259,2
4129,7.622708876254494,3
1333,4.529686574099981,2
7980,8.339145788214328,2
6074,3.279219633881091,0
6032,1.8690651954017499,1
854,17.951568164691377,2
2665,4.196566228337561,0
1961,0.4198052786314097,3
5136,1.703275974630377,1
413,10.291570952452322,0
1513,11.429974110177334,2
7515,5.124111514321006,1
8741,5.1915852108262595,0
9107,9.06463845607508,1
2461,6.001820157216556,2
1819,5.205139496202455,2
3218,16.29029191832544,2
1759,14.036588181270812,2
5125,4.1947997908706585,2
7254,5.155732045335914,1
2095,0.13734774205405959,3
2904,3.351109360651501,2
4285,8.542410267914054,0
3203,5.94738887451712,0
1655,2.7178662098342405,2
2448,14.620790109317918,2
3533,1.7128229622487363,1
8275,4.4400154102086855,1
8408,8.42415009044834,2
4559,1.7036947188309206,2
8915,7.454025506926383,1
4911,4.5507338584975745,2
7052,5.199791458214229,2
4620,6.098891998332437,2
6849,1.9937726686794028,1
1736,6.429167441562311,2
6747,1.0983845941875658,1
3880,4.586454076168071,3
723,7.403920786845001,0
9147,5.154398994924222,1
8737,9.435522188067146,2
6596,5.390872909872869,3
5042,5.250798417572426,1
2046,3.85361826841332,2
9330,8.083616215449627,2
8830,3.401073241459232,1
8979,10.67501284620386,1
632,8.552911871871547,1
9011,15.365467992117345,2
7811,8.450315885485956,1
7733,0.7709178499269158,2
2294,5.586357447456518,2
5020,0.4048113497349121,0
6753,2.460386269498147,2
7171,3.598920057745854,1
3640,3.513791636638693,2
2843,5.409043106510631,1
7094,3.380065551903237,1
1906,3.3117705173037986,3
7917,4.894620498472081,1
6465,0.7793422729141336,1
4599,1.6364881303676584,2
5151,5.321836454508887,0
3516,2.873519577321756,1
1378,5.863750786505095,1
8508,6.514771167255442,1
3337,3.505654059514815,1
9167,10.012870835209585,2
9090,4.393452907804053,0
7679,5.074743910459835,1
5095,10.248208064137945,1
2741,3.285255114891809,2
7670,1.972170248269597,1
7598,2.7490852492370164,0
6925,20.57180500456922,2
471,2.982385019720346,0
3792,8.376132890077253,3
295,0.930834166477088,1
256,2.750104521850206,1
1394,10.404165257001715,1
3452,3.916278481960483,2
5226,2.225178643419988,1
9070,5.33566332619019,3
3932,15.103909910352751,1
3508,2.697754784231205,0
2249,2.073828794226999,0
1219,2.4774478044396235,3
4296,3.1855573282167784,3
6084,1.1224965007800036,1
9231,1.5908762926431517,1
6397,5.347424150516118,3
9087,0.6119207911974914,2
5025,3.304960690165294,2
8472,1.3603033943477014,2
6719,4.407271670538085,0
7376,5.736309439696499,2
2961,3.858970173271431,0
2184,6.285659780887423,2
7576,3.9230982637121667,1
7821,4.975250938829016,1
7839,4.180605627874071,2
9168,10.605115740869426,2
1980,7.057651924456733,2
1905,6.574547442294913,0
5064,2.5049017825261948,3
5669,5.876676332192646,1
7841,0.26654230361014947,1
9004,7.654375449684036,0
1698,11.569245152943026,3
9191,8.386776728338535,2
8450,2.0470440341606193,1
446,9.297566801163907,1
4538,4.74330323361691,2
4738,6.820498094605655,3
6438,5.268545519270519,3
6360,15.346631123061393,2
2444,2.491992270863329,2
882,3.75312811086179,0
3907,7.076150952979903,3
4179,3.290636763708931,1
6282,8.555387791521794,1
8985,2.5120004572475425,3
8971,4.123302647714835,2
4976,16.114427316281848,3
6081,0.4959355994992756,2
2407,2.0740888680352976,1
5249,1.189726224382961,2
748,2.102045698372242,2
5612,11.582190768986207,1
7743,10.796672012998064,3
7318,4.9394865460133826,3
7023,4.255479334672949,2
1662,2.999667441695089,3
1359,3.5801288145437136,1
2321,7.197956214006117,1
8090,6.124383666689971,2
8325,5.069472587003721,1
3475,5.7631866107937455,1
6045,6.280874522938902,1
4138,1.6923682849911936,0
4117,1.2761366341656535,0
7878,1.4842586114243788,1
1661,5.435820119156651,1
254,17.122229998596488,2
6629,1.3136212016723798,2
1990,5.030581963514078,2
1551,4.297881045867088,2
3195,4.845408614424631,3
6154,10.877823472846925,2
6595,2.58750272002271,0
7055,2.8571943614949,1
8377,10.851752846439755,2
8444,8.566779519112192,1
4155,4.353634836515279,1
8446,9.109629122585583,2
5532,7.209543132778666,2
280,2.8797017949505537,1
8474,5.38853097168551,1
2652,0.5006823309551555,3
7040,8.649467350045652,2
7191,9.368811294123345,1
1439,17.02941178590233,1
5078,2.6198751124951913,1
4695,7.364906599405238,1
5853,4.7507579202548875,2
4148,7.03889457667686,3
3156,10.842752250542711,2
2919,4.404077476421435,1
6685,7.338953187303212,1
3842,3.3807738492600885,3
941,5.170779856519288,2
1326,6.436032164641034,2
8311,3.7320911670094676,1
7325,3.539976682148094,1
373,8.348182852981195,1
4759,3.771202910642388,0
2243,7.239837813473466,2
771,7.152780389017704,2
807,9.687523456023818,3
3560,0.4604637947374497,2
7345,8.580732682727911,3
4900,1.1415921408617777,2
2647,2.7840691811013625,2
8990,8.017885359568826,1
2542,7.804800246621323,1
4511,2.5219671582018406,2
1907,4.325721095150775,2
8075,4.964904922389087,0
9056,3.623522450587446,1
5056,6.182157900669035,1
9356,3.3280465352509463,1
3356,3.2583851646882733,1
6736,6.828250929167465,3
817,13.674884251125974,3
4111,3.838598402704843,0
1194,9.486354517563727,1
6249,10.140381344065633,3
8349,5.5597774746366415,1
6277,4.5457406420476065,1
5778,5.063273045882039,1
6065,10.563592420863149,1
1580,0.6531866955986786,0
8955,9.273555414074114,2
3675,6.7088752880206375,1
447,5.32550312396775,2
1145,10.84327909093285,1
1416,8.11850335009005,2
7460,2.9811087326322694,3
2336,3.0732313633269044,1
7761,5.449510441413586,0
2473,7.663856785684265,1
4634,8.064810568274877,1
3672,2.93310440978115,1
3801,6.41875434826611,2
5927,1.7369711433097765,1
3324,11.45974387348554,3
9453,7.14425161810474,1
5199,8.574423912305551,1
5380,2.8637206004346236,0
624,14.436745921773294,2
655,2.4123506463829485,0
4343,4.665482165781556,2
8692,2.427123684679021,2
7846,5.800895486138956,2
1441,5.014326937854403,2
3212,4.569625231676613,0
1874,2.460245315652033,1
8088,8.013339366409406,2
218,1.4317198339498176,3
5418,2.701957601621366,2
2467,1.2315727597753878,0
3270,7.30022119514361,0
2508,7.940291836327959,1
7406,6.994767414135858,2
2361,8.179273444070535,1
1040,7.9383302333476635,2
648,7.413159141035962,1
7445,11.210741015348935,2
474,6.410426901963879,3
274,2.3510825205472985,1
2897,10.09221324396784,3
7195,5.57883134349934,2
1773,5.524985140366789,3
1402,2.860463065237855,0
8287,6.073790042839481,2
268,1.266832871785047,3
6913,7.531939496500939,1
294,7.903471517542429,1
3351,4.3641471850298945,2
253,1.966760111218377,2
1677,9.32140529394287,2
1177,8.471536996946847,1
3291,4.413272206450337,1
4446,11.296279853707707,2
395,0.8707454355013656,2
7959,0.04063813450047163,1
7963,0.6451811935384617,2
47,4.196557835403835,1
3470,1.4840888587330605,1
5200,2.928702081390986,2
1936,3.0964448395354376,2
7633,6.537260469944678,1
4258,9.235527938574288,1
7412,1.3286577482498898,1
571,1.0425195281014348,1
3580,3.681716035846735,1
9195,2.978539825056043,2
2050,2.3895645132514947,3
5243,9.946043810370842,3
2082,7.228109050541221,1
3185,3.3105277586140285,2
9240,7.632609814506321,2
7284,6.95690342948909,3
9441,2.8310396783989003,3
2282,3.2280290080385203,2
2833,6.8649290415657305,2
2629,8.409145320918878,2
4176,2.066919687663516,2
3594,1.6871601429835805,1
7590,1.9614563309701913,2
66,4.898013583354381,2
6991,11.020354650912534,1
5734,13.380291372295023,3
1816,1.4041495266791753,1
4641,7.056915481333302,1
688,1.413291717165222,2
6539,3.8461548793118836,1
9451,4.245057710932306,0
2878,1.8191046455115343,0
112,1.1285991740595658,2
7228,12.739581608208855,1
2896,3.571072392390027,2
8050,1.8392841649530096,1
8304,11.285717379844966,3
8339,4.420087489769021,2
1515,3.060366299892414,0
5699,5.167195589516179,2
3126,5.5479176482148205,1
9164,3.639240901414661,2
3200,5.957969771250122,3
2277,8.316611804138596,2
6405,0.8653534765134776,1
6906,5.316266011075271,0
4596,10.85664108171315,0
6467,1.785879468882937,2
7155,2.5792011510369313,1
1922,10.140752824226487,0
273,5.305671880705417,2
1315,8.192432360119973,1
3783,3.583621771921961,1
2404,3.1115276825548275,1
1406,7.688070354748798,2
5174,1.7657384864444512,2
8679,23.314743568649924,0
4345,9.255266231839151,2
235,7.939175524598989,1
3649,2.832210344492071,1
5044,4.889222118981954,2
5428,8.838584745485282,1
34,10.150325020206653,1
6239,4.796925993147415,0
6501,1.5005197203718068,2
5236,2.746988036217819,0
8214,0.7698649411602219,2
8435,5.441850154236814,2
3652,5.385800921798436,2
5312,2.6104317487086166,2
5013,7.6046415429722884,1
292,0.9744016424606351,1
4061,8.392670941288166,1
3888,8.681508123630058,2
6286,2.7527796270440485,1
234,17.981119925714673,2
1813,14.86264271578574,2
943,2.640459745270199,2
7852,1.1254063819217028,1
3055,5.548537214919991,0
4011,1.9176992419910024,2
9066,4.308064364790255,2
4114,2.0396093435672906,2
7458,2.523598824800986,2
5329,6.413712455372419,3
5944,5.137856519130029,1
3571,1.8373165916535719,3
2719,3.2922752594958062,1
20,8.910180282639418,2
9080,4.112199847129396,0
726,0.1813164818827374,2
4762,1.5304312904779636,0
8840,1.897190516788605,1
3909,1.9361222539396916,2
1612,4.646965260595597,2
7261,6.082788508580351,1
1847,1.6923557985562023,2
8659,1.8543056138129206,2
3574,2.9975795998058454,2
5556,7.9810944106583035,3
5757,5.0721491773923955,0
4469,3.8576707351572894,0
2618,5.462135764435939,3
5813,9.151396858624999,2
375,3.2312433011911494,2
7513,5.568205652475341,2
6439,0.6539684396402579,2
407,1.5012217233510539,2
2748,5.052274159907592,1
2854,3.233977736667851,1
5659,2.406408329663175,2
3259,1.8408409313895462,1
5193,19.239783439616282,1
8742,2.837011422362603,1
9351,5.067748806939136,1
4358,2.4363859038692612,1
905,10.646894219169727,2
4054,3.5923672877713058,1
2972,8.706030453989069,2
5851,3.6208240350584844,2
5361,9.970281352437265,2
3030,1.9521809135749064,2
8045,4.038866483535801,2
6613,2.032198570000544,2
3873,6.318910462706544,2
6871,5.393316491326567,2
2480,5.102178808874731,3
8865,4.503529098642019,3
1788,5.795953510336003,1
7965,4.7994774356470185,0
2236,4.61790983152807,3
1095,4.49776155309144,2
4782,8.76183296622736,3
5398,2.9176299942206954,0
7050,0.7992556586080282,1
28,3.4197294920599512,2
3591,6.916177972315948,1
3135,6.426432283262029,2
7393,9.92232029975938,2
4367,4.365623617777686,1
248,4.761152375907501,3
8372,8.106176367188956,2
646,12.362651610999773,2
575,11.0560650325405,1
4229,2.5100185458052398,2
7709,5.183766281896195,1
8251,7.001769728279265,1
2191,4.759488489313597,0
470,15.679078878043889,1
8436,4.482301897508524,0
7314,8.064167495417887,2
8113,5.115370397088086,2
284,4.1304801589376385,2
9259,8.371378639850207,1
8093,5.440492285179042,2
6227,6.2242149901260095,1
2302,7.134750934495399,1
7952,5.407099028481317,1
262,1.1281055662264652,1
5485,4.798199734221182,1
4442,2.688788230858641,2
753,9.934836932955406,2
7291,3.239036254167053,1
2584,12.270631705233983,1
7708,11.80196901725715,2
4235,5.9670825955467075,0
5575,3.923658691303823,2
142,2.872504845972503,2
1992,4.390156578084904,1
3646,3.706560438775602,1
6604,2.9999474252842466,1
2893,5.143816560329361,1
5539,2.994280070155402,3
2764,2.4546812251354573,0
1419,6.327141147829955,2
7882,2.4017633747590503,1
4893,8.01833292271441,1
6253,0.40983188083293554,2
8026,3.9502411737857637,3
3945,2.52011765673431,2
1703,1.544444261545721,2
6777,1.6879405862309627,2
8949,3.9047843631434054,2
5657,9.366053888204194,1
7927,1.83102848562275,1
24,8.440061423937152,2
9005,8.918959521243332,3
7119,2.1966246505494427,2
1753,4.444951672396652,2
1000,6.828772371906991,2
3012,4.0531883048732995,3
3556,0.6200979329444043,2
8056,6.153708093338613,1
7826,3.5437579240659955,1
7266,4.732042827396402,1
8409,1.3693991078295218,3
7499,6.016075541028308,2
999,2.4742048836159567,1
5559,8.448048439871888,2
9022,3.9653668507541253,1
2231,6.213379168026748,2
6767,6.365944947194696,2
51,9.449317180722751,3
3281,9.529642707134123,1
7174,0.8402310624271365,3
5315,5.995099792312826,2
4458,5.8238517880697325,2
8592,6.491001274423091,2
6721,7.9322858153533105,1
7654,5.4027952040021265,2
2452,8.191627168394088,3
2832,4.7417148847184745,1
1327,3.82348349475192,1
3116,5.409283149664716,2
1872,1.5178075434641967,2
3650,5.375111851735191,1
1917,2.6770484170130375,1
4624,3.659075037903477,2
8757,7.844787863697596,2
461,5.672769886885664,3
427,6.6217803614479855,0
5384,5.484498133259795,1
7372,10.70127380891823,2
3169,9.13982795015827,1
5809,0.6103170512591302,0
5536,4.071172298551977,1
1403,9.093479478834277,0
9300,8.392800435936856,3
1742,2.0096565067079664,2
3509,2.2071016050756582,1
7338,0.5844422122912347,2
5928,3.3971293150674526,2
820,1.0177815371124732,3
5634,1.8731215212631338,2
230,1.1011612154789177,1
5477,11.91112288233924,2
6821,3.884551204105434,2
7066,2.214923642151704,1
7430,3.9919945624558553,3
6667,1.7859379467093035,1
3304,5.222994936225112,1
511,1.4999588317901424,2
5917,11.610169456612503,1
7977,9.500892405912106,3
899,1.3888352526653445,2
3549,3.6268604157113975,1
5582,1.5693779276627162,2
4746,6.98389968914802,2
2922,3.714635297155429,2
9100,1.2162904965759058,3
4702,4.177015792728895,2
6349,3.0086981830154715,1
180,10.960250184027121,1
6116,2.60718371150945,3
8301,5.160799106823692,1
8791,6.609838587918871,1
7215,9.094068571861964,2
5,8.600118692892666,2
2474,5.321442369362352,0
6950,1.5596828290341471,1
2899,1.5079946700487805,1
2908,7.898287368152372,0
2253,2.935332042163071,1
7053,5.689422553932101,1
6126,15.023172266373178,2
6601,5.571311448343291,3
8451,1.6408665702837602,2
546,7.561611143405474,2
3731,5.659753748468379,0
2428,2.2906118208591897,2
3752,2.6524563742705816,3
6949,4.353412026065729,2
2141,12.766117113643787,1
2189,6.525464619785268,3
2367,4.3420970795089655,3
5005,3.126529174298808,2
8920,4.443719598355326,2
1462,4.27703463436988,2
614,6.970253197706574,2
7704,4.882447042955771,2
8255,4.935210659051812,1
6620,4.540355860478004,1
4825,9.589453735294668,1
5869,5.8152880515788885,1
8345,9.50020645822795,1
3930,3.3019833543012957,0
2338,9.067848233940925,2
3719,5.5540675973315405,2
4664,2.448309065998024,2
8579,9.552861073940422,2
7649,1.6129254967379856,2
4810,6.465755676019084,1
7178,9.691333233544094,1
4562,7.5311342089155815,3
3434,3.7976232729471997,1
8871,1.652069016810799,2
6567,4.531869285545437,1
6398,6.879247920446687,1
3361,1.0239067397609682,1
694,6.108750060686037,0
3565,9.19558223317382,1
8187,9.31934963095938,2
3705,17.020205725915197,1
255,5.137822441693847,1
5754,4.350375087188068,2
5137,10.043080274598886,0
7577,11.055858348076464,1
6734,12.016101978588313,1
3138,0.43737334866900146,2
5490,5.410606775346943,2
6158,7.171533564592797,1
1501,1.8405248622802663,2
3309,4.122020977859341,3
3726,4.522609819584526,2
6656,2.9717386252116063,2
5339,6.473717355784322,2
85,6.075571457249259,2
7695,1.1639293988721144,0
1379,0.6848505288377174,2
3245,1.6250237850816205,2
6880,5.523773511434893,2
1234,8.664226280460461,2
2142,11.468807236575193,0
6510,1.7049818337976181,3
4531,14.482833678674341,1
3711,11.275009118520583,1
6859,4.451834767832434,1
1488,8.862485403923525,2
3167,7.209599348976868,3
7153,3.7316114949831007,1
5665,4.919722267204527,2
954,5.87199380840398,2
2958,5.369548748578689,1
1567,9.425423528192916,0
4341,5.610666225940675,3
9278,2.6087969840258363,3
8223,3.9247326312182556,1
7524,5.0197215270862845,2
6583,1.7358144933120965,2
5885,4.210613376672168,1
5967,4.7411485014625185,3
3407,4.113181390318106,2
7815,11.384424379751671,2
814,4.17312602772904,3
1726,5.538372108598274,2
7531,8.102253728179578,1
9198,5.789287829975743,2
8383,3.9123964565394664,2
7690,3.579140040565589,2
1591,11.238041937666656,2
2080,6.470512921358539,0
3850,3.4478746883524387,2
2118,3.5584758342880587,1
469,7.873759545168518,2
7541,6.725372589790874,2
399,2.550819801911415,3
9312,1.1459825427910657,2
6812,9.620930419172495,2
3725,4.195365116270931,0
8448,9.757382586921846,0
5334,2.0701265189656657,2
4938,8.934645773674644,1
1215,7.011544864490405,3
2842,0.4191352866135521,3
1454,3.4467967752750117,2
2200,2.9454169748801626,1
5755,5.409602371093209,2
7912,5.868474306482037,0
2613,3.9440846280509003,2
3936,2.4967296708529636,3
7048,3.2308133745397765,0
8943,18.313874638717355,3
2423,3.266533489449589,2
2484,1.6641417761123947,1
884,12.032611493941037,2
5354,4.276946977443527,2
5166,5.917998950806237,1
3382,2.9390122477440928,2
5948,3.6688390137269007,1
8626,2.5202655683936612,2
8237,4.975016082720509,3
1151,1.0005139019164206,2
4758,8.21570491666511,2
1588,10.196215484387546,3
7715,4.939141871080695,1
7329,2.5280229609049734,0
6602,9.577917118307381,2
9203,1.4014851710308558,2
5366,3.168818729382798,2
6336,5.740916354622877,1
4721,2.6600612193818023,2
6976,2.024028368261013,2
5261,6.6374608377405355,3
1483,4.694289768390064,1
548,5.234521459501086,2
4342,1.9907395813904851,1
6830,2.989268720941697,2
8378,5.5771646656383105,2
347,10.547789724320381,2
2138,9.122707796203633,2
3443,4.343599011221892,2
1288,11.035443346651693,2
6103,2.0519862883924214,2
2216,1.060816613225228,0
7861,7.663808915493981,3
2314,6.483439116167237,0
1053,7.27742667931659,1
2020,1.8209915467215576,2
8769,6.885592749786648,1
1749,1.850766442248283,2
2280,6.149599491178415,1
3284,0.8901062107585698,1
8940,2.387938337232832,1
9462,2.7307462453935645,1
2515,3.9073164059898633,2
6790,6.037935572229676,3
7478,4.792802643642929,1
5352,7.784575844050175,0
7098,17.92719079811944,1
4160,6.200545962904307,1
6146,1.1968149875871004,0
1684,5.752018241888798,2
206,5.095529512638949,1
2583,5.864236962073619,1
460,6.632116837933422,2
1664,1.7293343311574476,1
2492,14.142886062108364,1
6215,2.1643157355387443,3
1123,5.087515720955983,2
2809,11.191914196591124,2
125,7.9709260824847465,2
4688,10.27361100913306,1
4628,7.6617130325561424,1
5197,7.057584201622259,1
1805,6.221523131174247,1
9412,4.18279751295189,1
8031,4.09723737216104,2
772,8.420371689386574,1
1433,13.828228187956723,2
5031,5.739250262095311,0
4858,2.821779998645873,2
4986,3.3984280394866175,3
4908,2.689603232240491,2
2858,1.6825403932514744,2
8392,2.561415650695361,1
3995,2.492012218206931,2
7163,20.32076793851339,1
7355,3.8844689962378935,1
4917,3.626044645479702,2
5412,1.1896432229844232,2
6486,2.385857798614863,2
5654,5.959591486747714,1
6481,1.9186829749134906,0
1495,4.01213124545222,1
5045,10.73513443901375,0
6147,4.864541517826554,1
4905,11.381813770675842,1
6619,2.285917871337122,0
3374,2.801252696904865,2
1088,1.3890145777812966,2
8083,16.77365413435755,1
485,10.640509124011983,2
3763,4.375667298573608,2
796,0.8110031149530159,0
2068,7.273030601604847,1
1048,2.9443231527801803,2
1592,3.4121509459204384,0
628,1.3181925531358865,1
7889,5.3178363761501295,1
3989,2.6689423068491474,1
8773,5.470437248538793,1
3637,9.085634213171767,1
4667,3.2801335965581844,2
2780,14.255103360015777,2
467,3.099258877858353,3
3964,1.1031825048305464,0
4904,0.5087606038243038,0
3401,2.3782672468446036,0
8186,3.47766695429387,1
362,4.46147553022974,1
4853,3.9025941158676023,1
7953,0.33538018005789233,2
8961,5.045037375786798,1
8338,1.4378926040837177,3
8783,4.833237456093817,1
8637,4.464476220237778,0
5838,6.725795653567531,0
1885,10.00284948270501,1
6069,18.37499619783982,2
7302,4.704292399051381,1
2522,7.231968462560081,1
4208,4.682478439565073,1
6193,2.0024863461805267,2
3064,0.9145780091040945,1
3257,3.736907477268136,3
9223,4.785911340716327,2
2923,0.9187021863875748,2
9449,2.284556778330418,3
3918,4.639760876482313,2
1411,7.609903332958044,2
5867,10.088234008409163,3
6550,2.790453825681137,1
1838,2.3149929569874415,1
8708,2.4049697024965275,2
1931,6.097173926100811,0
2421,7.144324136479238,2
6845,4.812367285165385,1
2415,11.853775642868865,2
5155,9.921866194270242,2
4609,11.154858171662562,1
7650,2.415182133491961,2
211,2.4773688339878577,2
2185,3.7861323861195473,2
2888,3.3021689796415323,0
2573,1.9071223672683433,1
1121,21.373373777050194,3
1128,7.660170017308161,1
257,5.875371274684981,1
5650,6.007754841914448,2
4685,5.978015146987915,2
5610,4.704716187201792,1
1255,1.9789920810057828,1
8485,6.454146310196625,2
5909,6.673254960103046,2
7179,6.200059826191896,2
743,7.001414648771529,2
635,3.989825574616143,0
4811,14.611606179961385,1
9264,1.0184791182956578,3
1926,11.181290660508715,1
4027,9.371794358100754,1
4477,5.735359019140158,1
1860,22.398654539676976,1
5331,12.136657927736472,1
8315,5.153794312952639,1
5690,6.694757035374122,3
4400,2.943301276886947,3
9365,6.771974037087868,0
5427,9.30196755568205,2
3294,5.560613984609125,2
1082,2.4432802690150677,2
933,0.13775692832869013,2
8645,5.8448150605173375,2
7954,5.686998525052469,3
6587,11.567771729706664,3
6029,4.005482743013816,2
7032,3.1031604052572455,2
3913,1.7344566580997638,3
6426,2.039226302923022,3
7064,2.9974098901681065,2
2218,13.004687343884662,1
489,7.956762608146228,0
8956,6.841791954651136,1
6662,4.688978229578836,2
7834,3.360780746733325,2
5901,6.782636513367148,0
8334,4.6438050225394365,2
1861,0.7230773429367797,1
4067,13.111739253618943,1
478,15.668130339531572,1
2795,11.461886330805998,2
9275,0.9128684437388159,2
7558,2.4540669181744734,3
6124,6.1416566670577915,2
8611,6.413486808291934,2
6853,3.0626422381689875,2
8547,5.125416877379461,0
2510,4.906732643483472,2
8842,7.890802276339956,1
1929,11.431548773217147,1
1056,6.4884049855906865,2
5055,7.835341147936319,1
2366,2.1813062425206518,3
2528,2.487932597861908,0
8250,3.324995467566926,2
5070,1.9425758526818169,1
3068,0.6563155902698851,2
6823,3.911029955415108,0
6309,3.1704326493775365,1
553,15.187180666716504,2
8996,8.464952399469752,1
7988,2.1723777936219166,2
5253,11.182936382430462,1
2364,4.7355084192448835,1
6191,3.027588254908288,3
794,3.606431562613336,2
1910,8.686244250785027,2
1533,6.520737875292799,1
8069,3.7579029858354343,3
8736,4.633035904728945,2
2565,9.763084709477695,0
8369,8.76518798836107,1
8008,1.4056425219818478,1
4171,10.145669718723314,2
9074,3.1613087543441964,0
1352,10.090730670936596,1
4253,4.406465442545972,1
5015,3.8870613488818604,3
3325,4.970279729153395,1
7559,5.564170149177428,3
6954,0.36621816791751816,1
8058,9.976286679084122,2
2455,3.0833126141420464,1
8323,8.249486774993109,1
1009,4.595828002754858,2
4260,4.015430825354775,1
6133,10.258767741436463,0
4289,7.484444113038016,1
7865,3.397874065396977,1
1446,3.8110945984712044,2
620,5.060580423985023,2
8283,3.6921961950400086,2
8522,1.4519715851334676,2
8463,4.591127211964336,0
7403,3.8519237420791814,1
6985,4.00221994333012,1
212,0.4605404858369432,1
1005,4.06317077671175,2
5589,4.774107893865467,2
2471,4.851445419773394,1
6109,6.4970184138080604,1
638,9.466581887397426,3
8835,1.44609091881136,3
5554,3.235529290693761,2
4661,8.416143169834642,1
2240,9.795039076147145,1
2945,11.14449335579156,1
5496,8.082442988077801,2
6046,4.323357990675456,3
6143,4.111152658575002,2
3022,6.428272455656089,1
1856,6.313449806979868,2
9116,7.163167781734667,2
5614,2.121257443710228,1
6167,3.9457426042489385,2
4259,2.157125359265291,1
7765,4.4115543401563,2
9401,5.79292934792575,1
286,3.0823257205601227,2
4737,9.339601488037932,1
1593,3.6411664062967066,1
4872,10.445771236289488,3
8386,4.02380700980508,1
6751,10.682515421631678,2
7832,8.640985626530192,2
1653,3.0098246434228377,2
9263,6.70637385199935,2
6956,2.942299378416402,1
7806,8.145081937556343,0
3985,1.9309984943657028,1
2659,3.5314083906077833,1
1375,9.05835692660505,2
1709,2.664098860591495,1
5433,2.939934761991522,1
4267,2.661539792689762,3
6170,18.87953905182495,3
8010,5.074961182437011,1
7363,1.0021075588658979,1
8209,6.928484700111649,1
6530,6.4104905048962255,1
2111,1.7354652362450094,1
2057,7.0135962519414035,1
9199,5.2487629264994915,2
6948,9.909186646367424,0
8035,1.0812995244887156,1
8015,3.8766745659510597,1
2286,9.925044267746468,1
3196,4.395953065545328,1
9134,9.974875329570931,0
5902,6.295149715635527,0
8976,6.0041314354164275,2
8584,6.299983818908556,1
8598,5.759469231078283,2
617,3.9338179160415687,2
1859,6.466596784066727,2
9285,6.502045980222897,3
5181,5.662512047050562,1
3305,9.475801385236487,0
2682,5.268303747351711,1
1503,3.1891536399936022,1
9455,8.788817374123436,1
2518,4.569010800980788,1
6076,0.812685267915654,1
8001,8.75441235494104,1
5464,4.344076238478271,2
4852,3.4134261172639033,1
9201,10.255311046059784,1
8531,10.703672284509935,2
7090,3.1947772447671374,2
7129,11.298673846474985,2
1960,5.679545458749446,0
7449,0.7387313746617867,3
323,3.4235728418545452,2
5633,6.851490810893851,1
5644,2.8287638336555267,2
6251,8.351635973418134,1
8374,8.915881138819232,2
6225,6.499943166284913,2
3871,2.5073401127828716,1
7336,4.070599342356058,2
7668,2.340039979126476,2
424,1.0509410823857435,0
8536,7.088261422792837,1
7964,3.48699980763879,2
2797,4.05807011353132,1
1671,2.6153255882513857,1
1779,10.62255723569226,0
6175,12.316308508949657,0
4106,4.70461448671577,2
8049,5.445185013459767,1
3692,11.396106201263754,1
8024,5.400661290434529,1
6338,3.194791035674951,1
8664,1.1241484664209556,1
8812,3.521924646635713,2
6637,0.9286709819502172,2
2548,4.471217099743943,3
2815,6.846682243987438,1
9373,2.1145515546294114,1
8112,4.577685679444598,2
5478,5.759070977817272,2
6499,7.059175034193371,1
6451,0.2988634371289054,2
5865,4.797609923559921,1
7647,5.18691835679447,1
3639,7.101928192497119,0
458,9.863236328352162,2
7995,10.903920619799917,1
6867,6.563565233689792,1
3380,12.28251917041731,3
9001,4.52047259098691,1
6492,5.6610638138323015,1
1136,4.610662832478835,1
5784,11.374764139432383,1
663,2.4885986441128223,1
6204,5.721515427947362,1
6955,4.17849749505343,2
6311,0.6448891379761282,2
2827,5.455060181570156,3
8487,3.553564090853232,2
3054,11.085382236073144,0
7521,8.540254005623261,2
3816,4.744111900659805,1
7628,1.8938429929574254,3
4726,6.232772810754414,0
2400,3.928478882923579,2
6394,6.37005548514013,2
4926,1.5991172498176143,2
2636,3.2683145756065315,3
7051,2.7398971107314907,2
9371,4.308469465858251,1
3171,8.897022166491329,1
4947,5.944404500932712,1
8963,4.534681724846367,0
8546,4.6869017204773975,2
3463,5.411817224075449,0
990,0.9296074165268582,2
1602,3.055026817993908,3
6152,2.9029428514443136,2
7685,0.5042089797465815,1
308,3.568436389598573,2
1920,4.469427271372067,3
1178,4.330451746709095,0
5748,2.924569121089462,1
7453,7.769130504242113,1
681,11.323558934352105,2
4752,13.671576365875307,2
151,1.25464030080295,3
5955,7.657768905318454,1
5440,6.84103057919865,1
4428,2.34373061115046,1
5563,0.9919059537485382,2
5573,2.7760237394475373,3
1555,11.276181964615978,1
3403,5.1469432403855,3
1659,3.6842797966036067,3
5693,6.623917766058758,2
6132,3.5684536081563607,1
861,9.259428106956838,2
1594,5.774364100873103,0
7616,3.488787277655269,2
1068,8.94968899935823,1
5707,4.122057512764959,1
6768,5.026846816041934,3
9131,5.685790559524693,2
6766,1.7493128505136537,0
5387,10.914477092356915,2
2611,2.8661968980236807,2
3182,5.730340241900043,2
7561,1.3971081935463925,2
2341,11.802500630924182,3
1529,6.387837023872782,2
6653,6.496586571251098,0
3175,5.007660195397373,1
3946,10.057083589533892,1
2630,1.5105226366844298,1
3286,6.262645710040319,1
3319,4.739565197576575,2
5697,0.2565467681586157,2
9156,1.331010331679387,2
5698,6.024450379880902,1
1477,4.879222363630703,2
2498,3.2016996268599565,1
5423,6.083723556784736,2
4569,6.77687356805031,1
1794,3.1577112090389168,2
809,4.28683902588577,2
3942,9.869800553403232,1
5049,3.77936566436775,1
3638,9.23523535784897,3
527,5.512737942820788,2
642,5.419322282952754,1
3886,4.171552531701254,1
4638,5.531331368891933,0
9117,5.882632116308013,2
62,6.733816626095304,2
7497,2.5897942972876367,2
2600,2.6768063256528647,2
2027,6.342417415450376,1
72,12.638413741834437,1
4542,1.7876878390386364,3
3785,10.627742536791862,1
2396,9.081616972606003,3
7758,5.841604547122998,1
8772,8.07497528804722,1
3702,6.709951435008049,0
7488,9.780082205392251,3
806,8.211118506939485,1
3940,15.57168953181532,1
8357,0.883780296172934,1
605,7.175950185608967,0
7859,2.8595537625208696,2
7092,3.947472586139356,3
9402,9.397588472214327,2
9394,9.365155930835286,1
6944,7.03100016394814,1
6660,9.80940947922662,2
6755,3.8197120640298534,1
6089,1.0727871678299115,1
3011,6.955577571765628,1
656,18.759374176336095,2
3697,7.005415132118932,2
9464,2.0385269738450846,3
4461,10.022822746197736,2
5415,2.5201279732214985,3
7941,5.135815002370785,0
8095,3.902772381654467,3
9316,2.8032375375655088,2
9118,6.884331002742134,1
5333,2.043827332733388,2
2504,2.0528472339855726,1
1108,7.817671488665925,3
9395,3.2017165058944084,1
8543,6.498691130132418,1
1548,9.938037612882091,2
2405,8.96192417539702,2
2614,13.000879298190586,3
9407,1.2958261807070393,2
9333,3.9230285591323257,1
4593,2.526803527762975,2
7726,5.670944317657062,2
6117,1.8962658184238101,2
741,18.87330885350114,1
5342,8.538285479356398,2
3524,7.065467349729111,0
4925,3.590871983112231,2
7042,2.8978918476866147,2
3970,1.8636063153021216,1
5891,1.4916717321201625,3
8270,4.933035192942309,3
6838,1.5752278593940958,1
4130,4.031740919899792,2
8602,1.234756131068834,3
1852,8.117455860743137,1
2010,10.181952228496657,1
6433,8.662194783428317,0
6698,8.841991706677902,1
6119,8.023073902720643,2
623,1.4269188276750127,3
902,7.26613905908021,2
4996,3.5113653825771007,1
1892,5.443866984856093,2
3209,2.3237769464644025,2
6574,9.065571561864218,2
8846,8.510599335729683,3
3658,8.932163332453381,3
1669,8.647984646976992,2
9137,1.8661691539824814,0
4222,1.145626992404344,2
1235,4.97835801261437,0
2731,5.874633318994246,3
8018,6.814059548694024,3
3060,4.041484403390248,1
2485,4.809292342419212,1
3096,1.1208070778820771,0
1841,2.5083959420323807,0
5742,1.2354874403701692,2
3065,5.648105604308354,2
6102,9.39626845407262,1
4791,11.177751312525126,0
9281,5.216971461827027,1
5109,5.499780613439055,2
6284,4.121178596343446,2
4331,1.8999966295474233,2
4077,5.78708831409008,1
649,2.744216773056007,1
6886,2.1657339836260903,3
8421,5.819773826251673,2
900,2.0402443255252845,2
7082,6.409598146085926,2
3248,4.767083645237528,2
5561,8.518115054449575,2
8605,1.6489300075210185,1
956,10.432369774538445,2
3969,1.598007887992104,1
1093,4.61078394449706,1
1499,1.1260234197084493,1
6429,9.576283585079914,2
2175,5.049849878602833,3
7777,3.9549794641503384,3
4426,1.832611061148966,2
6646,8.471348789814297,2
4890,3.82168150618332,2
7860,18.329652901001747,3
1192,1.4148257958723442,2
2979,10.022177924884723,2
124,9.67967984057119,1
2501,8.349444348299555,2
6896,7.767791668450556,2
7309,2.162671157602334,3
1699,3.549809936999326,3
6257,1.2866373537814786,2
1873,6.195752567300088,2
445,6.107236202135715,1
4265,7.723618666207983,1
6864,9.237466092798595,2
6983,6.073530637883629,2
5794,6.321848384497284,2
9210,11.165243698903026,2
3527,7.032772411324082,2
4561,10.634214825582045,3
5792,7.135815344824077,2
2459,2.149234657205185,2
4320,5.0778426926097096,2
5143,1.4524769243742617,2
7068,11.452189904867158,2
4032,7.797619686686417,2
4085,5.579994339680721,3
311,9.189604718185466,2
2985,8.197841156770693,1
3790,8.028524868797605,2
9483,11.570615139262955,3
5001,7.050204364574212,1
8936,3.282147274999971,2
7864,6.104897112494698,2
7549,4.158106364249952,1
825,3.011505391381762,2
1927,4.682719932800507,2
4082,3.451203962432622,2
9079,5.773879114227783,1
1818,4.200069046652851,1
7792,2.2980317604984446,3
650,2.8469619900965855,2
562,5.4794356878624,2
2198,1.854673072464049,1
7770,7.852847184450167,2
9308,9.117380247072768,1
8992,7.015679225376475,1
6700,5.6607161012555975,1
7056,7.700203751538533,3
645,5.918319475246124,2
2150,3.944789778853476,2
2447,2.903832897117297,2
2514,25.062254925038552,0
6281,7.200945674324676,3
3447,10.951905856015138,2
7084,8.440607538455485,2
5006,6.738467861439311,0
5842,3.3769289347370233,1
5682,1.9892118199066535,1
6415,3.3554849189114524,3
3039,8.21758680037911,2
6066,2.287435004968851,1
669,5.9612045306935055,2
4193,7.550923518568878,1
9088,7.793766596603863,1
8593,4.217250142297467,1
5159,3.250256717275178,1
691,6.661001544670296,2
5237,6.869464132755369,3
6598,6.053995677441736,1
9229,9.576596658143776,2
7429,1.7194815786919784,1
1392,6.23883431897079,2
1595,6.949416098678575,2
1755,4.117763554306235,2
1189,17.225522664791868,1
1001,7.428207291386663,3
8831,3.766945839695471,1
4600,5.924139658633292,1
7292,2.236176847455906,2
7022,5.484174731426732,0
2030,1.840393988741691,1
1718,8.045285793523213,1
1412,2.0227729995391153,1
8821,3.7814140166162344,1
5267,5.1889660316716215,1
1285,7.454419406567585,1
7128,8.900867939038132,2
1284,2.2218637407222563,2
788,11.213934372237611,2
7537,3.049925432768907,2
838,1.0614896996512182,3
4079,4.779328186140573,2
6370,7.356571989915098,3
9299,6.163886846899343,1
4412,0.7897318550133058,1
7013,2.9495124081424664,0
6214,4.617654221092147,2
770,6.176220906065951,2
1404,5.695496377752983,0
3448,3.990402111988545,1
6578,2.303653527351358,1
1371,2.497453351468109,2
8683,5.2413659025986234,3
3716,4.418121145194965,1
2049,10.017235856943364,2
3542,11.217495215477346,2
685,8.274469568600729,3
551,7.885508011394732,2
7447,6.208603761076143,1
4332,1.1843249592983505,1
6458,4.805821356285804,1
3893,10.139033706563835,1
3213,5.594365607656086,2
8954,1.0897899707610128,2
980,5.645026789222368,2
374,1.7780867572494932,3
7581,0.7700340925304161,1
8568,2.611110773116917,1
1238,9.062220869797983,2
4694,1.085778290071729,1
5033,5.751112788135261,1
1061,3.8995966756469307,3
7760,3.992188223797952,0
9132,2.3574067056372314,2
695,6.352285072673519,2
5007,2.3881189226749173,2
4518,11.73990276411628,2
8902,2.9148651238674557,1
5345,5.077921204628662,1
5439,8.28004374912658,1
1164,2.8494071290207073,2
715,2.980700372556211,0
4151,2.247418129799403,3
4060,2.4735105630094236,1
5864,3.2317143478225105,3
7059,1.85941752641674,1
7929,2.683334515360378,1
8462,1.985965799349291,2
5756,4.748109829290723,2
8781,5.819856647437005,3
4216,3.5320206733576285,3
4648,1.5990902008623717,2
4798,10.616777149274427,1
8017,2.452771139676447,3
6421,1.1803994384788945,1
8514,13.492221787880684,0
3449,1.2971368261993577,1
2065,0.2805268960647471,1
5555,2.641881024950902,1
6824,24.931934356640767,2
5048,5.542020533528657,2
8475,6.712565482807818,1
3685,5.2168471788814195,3
2687,1.8878999522763813,0
5325,10.537829702247262,2
6571,7.250541339375076,2
4056,7.295810277683667,2
3190,1.4044102006921333,2
3931,4.33610029058087,1
7622,2.767775824614191,2
7563,3.842282435893248,1
5995,7.248327693921674,2
1672,9.80845137216883,1
9389,2.543277923347292,3
4578,9.269552363566103,1
8289,7.282885366657917,1
4135,1.398510963011486,2
7018,2.435198563546494,2
4213,8.720999978747379,3
6696,2.9944500384883086,2
7795,9.636787447919037,1
3587,8.499588333759377,3
7823,6.687050261347684,1
1252,6.081605430184525,1
127,4.13774544211296,2
2174,3.3695522292678706,3
6873,5.344796450114317,2
9140,9.928532738968023,2
8141,0.6135611266818135,1
320,10.86668851989739,0
7204,2.3632801211535295,2
6275,5.6009546910254615,1
3066,1.828849052647735,2
1158,4.036731625572098,3
7680,1.1251472661711222,0
8724,2.293759322341164,1
4663,2.308347136616802,2
7683,0.8370934507290898,1
6189,7.470543740920004,2
2710,4.225182765153877,2
1482,2.032321461738582,3
3267,1.6498563818183598,2
3821,0.06674259010153254,3
233,5.461519766493504,1
4725,8.201858554964224,2
8398,14.807458238148337,1
3834,0.6153352455004935,2
8859,10.917200249080313,1
518,1.5504395238302715,2
2468,7.58603256498318,2
5222,2.375804462914526,2
9103,5.765910864933776,2
1013,7.900626776085744,2
3532,4.0950461657328745,2
4616,6.312244139235073,1
9469,4.4730444992262255,1
8586,4.700880046746328,3
8249,3.142667871842986,1
7267,6.842715641920954,2
8713,6.9899690204916265,3
8019,4.938481017618059,0
5958,6.067677037472415,1
2371,3.3389977167605913,2
6160,0.9197988580832571,2
3663,6.349104332086103,2
4425,2.9494486254207306,0
9326,8.041809644105665,3
4386,5.947827593430753,1
2574,4.961968058186695,1
6148,14.664381128634915,2
5513,9.287427004127334,2
8950,7.301456309395162,1
2281,11.206299195760979,2
2572,1.6083776852347365,1
610,1.744679034945777,1
282,5.190287637279297,2
4855,8.241576684323682,1
3807,4.451507011497252,2
5077,5.093450442412451,1
5258,5.638434942219893,1
6893,3.536599958336015,3
6535,9.100463804575151,2
5348,5.610171100013505,3
9139,8.986824444217307,1
1975,8.041488820766784,2
1554,5.337328676832046,3
441,11.610877180635793,2
8851,4.828834911074106,2
167,2.427515811496569,2
1826,13.576288933300113,2
7095,1.4353255091956059,2
5011,6.1172252280022,2
7141,2.059774663545631,2
8807,3.632842067078778,1
2746,6.213682117671863,1
4587,9.784799854373151,2
6007,2.4597596094174574,2
8359,2.8244605344715157,0
1957,2.7114047829470196,3
7185,17.89726407043056,3
5965,3.422990937100094,2
4683,4.267981050963969,1
4743,4.567879944754878,2
1228,15.673550777221587,2
5298,1.7118063506130765,2
2539,9.175942445902416,0
6196,6.115032514506953,1
3835,2.197780554315789,3
2348,4.869755725438785,2
2955,3.6724197065439625,2
109,7.065916885759476,2
4438,4.875253557479725,2
3804,3.0609715159427093,2
5375,6.458434544708954,1
8217,0.9326687584557534,1
641,4.179484041622747,1
5190,0.5130639776263031,1
7402,9.05546712807748,3
4889,7.750206174305846,1
4570,4.150081967088103,3
4807,6.675639570474608,0
3095,1.3031131507446143,1
8885,1.9523811533698896,3
7939,12.77334622203968,2
5551,4.329273869019055,2
3493,3.6142895914534297,1
6299,3.8097435423273556,2
479,3.2512859130515155,1
1094,0.25388179118256193,1
4851,6.703570224209678,2
2013,6.619771158882399,1
3273,2.9309175032375436,2
7010,9.988687390068542,2
4334,3.2092232813474038,1
1787,3.5916208776209437,1
5053,5.760235522200032,1
129,3.3858891284083716,1
5822,3.259079632666675,2
4228,2.9671077120856992,2
1696,2.0669037173465967,2
588,3.7656450077814902,2
4921,3.523179192466478,3
7596,3.4831235834224774,0
4294,9.948125763241618,2
8583,11.342109443553294,2
3774,6.9539362997051715,2
8848,3.7959792860868116,2
4656,1.7894966628634608,2
1550,7.913394492065018,3
5294,5.962424265877423,2
3056,4.158799778778077,1
8857,3.760213392409238,1
6798,5.205476195515284,3
7371,3.85201029012956,2
7109,0.8891727317585615,2
3832,2.100558924241308,2
4344,19.378971263015238,2
3749,6.2980545627913616,2
6860,6.095346693113483,1
1345,9.81151215857631,0
3467,2.9564398624217083,2
8532,5.3895649298188335,1
6357,3.049938084724175,1
7367,6.911000685191783,1
6565,1.1226691956710402,0
1629,6.807573694121753,2
7294,3.6569979155772527,3
5079,3.9272666338200954,3
4140,3.997501058839448,1
7720,9.095900010773464,2
2345,8.5398235149885,1
1968,17.811908007224076,2
4555,7.901340829851117,3
5911,5.284625689221928,2
7752,4.854696159500637,3
5116,4.21182194991566,2
3226,5.25058515085534,1
2060,5.236341053601781,2
3306,10.075522606680243,2
8121,1.7054855755990157,2
1054,8.784761820859941,2
893,4.9068750276559046,0
1443,3.3461029509316766,3
5073,4.748093437495234,3
596,4.693855935069801,3
1106,3.441996716204546,2
4679,12.72781175401305,2
2149,9.277436962026297,1
6258,5.312532486640653,2
908,4.548107237186713,2
4706,4.424642461646302,2
8285,3.623733744721738,0
14,3.174082317162911,2
5417,1.5647199648561,1
4884,4.222206080672025,3
4256,6.80326704252002,1
4605,4.005957751117913,0
5602,1.9875563163433179,1
3554,9.324544777209214,2
4639,6.235951556525286,2
6380,2.761051267978659,1
6027,12.814260993432157,1
1109,1.759139318412537,3
887,9.013474273363114,2
6171,5.778765884536004,3
1019,18.10261829363732,1
7104,5.293747608330738,2
3655,5.794223616607054,1
8132,9.125980885237965,1
1705,9.58322759635709,2
1420,8.54106319736164,1
7645,6.56413319469726,0
2733,4.8417731371810415,2
1086,8.924723825474251,1
3456,3.3923664711387014,0
7003,5.107216503717213,2
3440,3.2541852829268922,1
6093,5.100061198802683,1
1950,10.392985363263964,2
7776,11.872483675873234,1
4398,12.279431122472118,2
558,3.0909498497539465,2
3158,5.813616659962106,2
74,2.0611856824809767,1
1740,15.393000958639526,3
7263,3.8756359552520916,1
93,7.068820712304328,1
439,3.4989305391732417,2
8527,2.5011567416002807,2
2857,3.100476012311955,2
6648,10.010360435522838,2
2653,4.915143953109474,2
5687,0.9930089253573835,1
1621,7.4623264202355974,3
3919,0.3709488321445486,1
2779,8.011496635477476,0
2089,5.111027555399046,1
1784,4.7126363737169354,2
1741,4.998785249586287,2
7014,12.908491217120524,2
2661,1.3969547872360049,0
4524,6.041729232013747,2
7313,3.132970481475361,2
8993,2.8147888074719676,2
9061,6.673700036214276,1
8115,7.634655701663574,2
6478,3.121080385439978,2
3389,9.368599436783724,1
8758,5.887504382892734,1
4303,5.9877500011228815,3
567,10.250617910779788,2
2627,3.5318088200670807,1
6856,5.297698583481021,1
9411,0.34458916647801463,1
5760,6.293500578250315,1
32,2.8098195879346717,1
9212,1.6553250417920535,2
4992,4.528627688207421,1
4745,5.146857232023253,1
8021,7.632928309890543,2
4282,2.5363588684779943,3
2297,3.207547488322863,1
3950,3.2182964877039,2
6446,4.8846481863769,1
9379,3.065082263315075,2
1522,12.534803926842171,2
1722,9.249489568745515,2
6306,4.384627854644431,1
4813,1.793987014863378,2
716,3.917646198657388,2
6351,1.3892154597570543,3
7306,2.3285804806069734,1
6937,3.1286139858539626,1
4816,0.7200307350160997,1
228,5.480523841698929,2
6990,1.523977551064148,2
7202,5.449050005784958,2
1627,5.576985975009261,2
7899,1.918065461168394,3
4828,2.9434215446597176,3
2186,6.157373684685832,3
6508,5.940128022650166,2
7550,1.137579038595912,2
126,2.5643934322426087,2
52,6.384382845969192,1
7518,2.3607253663620966,2
