,R,Q,A
4569,9.255266231839151,2,0
1108,7.27742667931659,1,0
6692,3.0086981830154715,1,0
2575,2.903832897117297,2,0
9655,3.639240901414661,2,0
5332,9.784000249888324,2,1
1212,3.639456429010799,2,1
159,1.15464030080295,0,1
6584,4.0512851280133155,2,0
2886,5.052274159907592,1,0
1703,14.35711818891831,1,0
926,1.8108452696879602,2,1
6299,6.872311816890276,2,0
3135,8.220508575094842,1,1
9513,5.905036804167484,2,1
596,10.150617910779788,1,1
985,0.13775692832869013,2,0
1025,4.627806953260465,2,0
9755,8.371378639850207,1,0
5568,4.369062695468751,2,0
7056,8.741991706677902,2,1
9971,4.4730444992262255,1,0
9441,5.045037375786798,1,0
6083,6.507926156761937,2,1
4146,4.722167685329302,1,0
6851,13.959274928859793,1,1
8550,2.462930313842105,2,1
5962,10.986937854479265,1,0
6473,2.2164440256623346,0,0
2798,1.3969547872360049,0,0
3694,8.653057164587942,3,0
3971,4.6066143318923,3,0
2945,0.8271354089981149,1,0
8024,1.1883889668212664,0,1
1350,1.0054133785158241,3,1
7324,1.459682829034147,2,1
8617,13.802553779005697,0,1
8936,5.2885309716855105,3,1
1021,4.508677718077764,1,0
6632,10.741041719173086,1,1
5120,2.496846739061249,2,1
6952,6.053995677441736,1,0
2680,3.024397183748593,1,1
5978,2.0018215294982533,1,1
3108,3.858970173271431,0,0
6269,3.709887467100825,1,0
8786,5.102989151904283,1,1
6657,2.4141772063434477,1,0
1447,0.6848505288377174,2,0
2281,2.5588972023330814,3,1
6928,8.965571561864218,1,1
3946,6.978187262920033,1,1
841,11.55731221876941,1,1
9852,10.154388952001712,1,1
5287,1.9994084856297438,2,1
4217,4.658488509477988,3,1
1357,8.83013269799036,2,1
4330,8.840428222973564,1,0
8977,2.82021016649149,0,0
5254,1.4840552838925556,1,0
6285,3.422990937100094,2,0
1983,1.3771596949936191,1,1
5535,11.182936382430462,1,0
754,3.8176461986573877,1,1
4696,3.364665441089771,2,1
8066,1.6129254967379856,2,0
1689,3.707486057475061,3,1
3593,10.265285144470106,1,1
8389,1.6881185283248672,3,1
8127,11.80196901725715,2,0
1004,3.8955042214526436,2,0
883,1.0614896996512182,3,0
7336,7.494315146380938,2,0
4085,0.5864420666652405,2,1
4327,1.2761366341656535,0,0
8995,10.703672284509935,2,0
2998,1.6825403932514744,2,0
3430,9.76037312772078,2,1
8991,2.5011567416002807,2,0
9034,1.7017765587394025,2,1
7651,5.155732045335914,1,0
9191,3.970130095163096,0,1
1860,0.7986041288996694,0,1
3099,9.678159249531008,1,1
3125,9.487557734255015,3,1
6331,7.133282359200265,1,1
1539,4.27703463436988,2,0
3528,4.425827149632958,2,1
1429,3.8268471423006156,2,1
7888,4.792802643642929,1,0
3577,0.6342272469116822,2,1
9486,8.818959521243332,1,1
239,5.480523841698929,2,0
8750,9.858994493272878,3,1
3028,3.2021689796415322,3,1
8621,5.300137926043792,2,1
7963,1.137579038595912,2,0
3065,14.557020207730703,3,1
8765,3.9827721708652595,2,0
2533,2.0740888680352976,1,0
28,3.319729492059951,1,1
6190,8.297393186538326,1,0
2784,2.7840691811013625,2,0
1887,2.8150660559934595,1,0
3863,9.729960401336715,2,0
5252,8.796517132495197,1,1
4086,11.103854410088639,1,0
1187,13.618685371364661,1,1
6392,1.2153460445478355,1,0
6410,12.882314686858557,0,1
4272,2.036037200853228,0,1
2131,1.7209915467215575,1,1
2642,25.062254925038552,0,0
7481,1.4353255091956059,2,0
8070,7.064978773384821,1,0
1376,6.171403760515744,1,1
1598,0.3630693137565003,1,1
788,2.102045698372242,2,0
645,6.2844343588607385,2,1
1564,15.985398528750505,1,0
2155,8.187700466292277,2,1
1168,6.504101981025482,2,1
490,7.873759545168518,2,0
2892,1.2051257397200266,2,1
74,12.638413741834437,1,0
5927,4.325662212366512,2,1
3879,3.038752397494342,2,1
9001,13.178664927357932,1,0
7714,3.132970481475361,2,0
5720,9.30196755568205,2,0
390,8.348182852981195,1,0
6054,5.29558156179748,2,1
6788,5.268545519270519,3,0
8866,3.1830954180516717,0,1
2814,1.3143968779758601,1,0
4801,7.5311342089155815,3,0
756,4.911806465997542,2,1
1799,6.145942502925713,0,1
2277,2.9965197488469175,3,0
9184,11.074808920195741,1,1
267,17.122229998596488,2,0
119,1.4607546008570966,1,1
835,3.3898959014998247,2,1
606,11.0560650325405,1,0
9073,2.0649349844889895,2,1
6332,19.116652351405477,2,0
6133,10.099251579202157,1,0
4134,15.103909910352751,1,0
4274,11.912532823732898,1,1
4129,3.9444482572486215,2,1
2923,2.120264314726721,2,1
6726,2.2650145860550186,2,1
8099,7.9555992073288255,1,1
8888,7.557470481019181,3,1
7829,4.185368795316302,1,1
1026,4.973360160455604,1,1
5288,4.75592360928435,2,1
6796,11.74624940612326,2,1
8324,0.4167603769156064,2,0
8331,7.160820693235738,1,0
1454,1.7613550346239366,1,0
1670,11.993094112924805,2,1
3652,5.7631866107937455,1,0
8938,4.441939457152067,1,0
1590,3.8000989660184663,2,1
9726,1.4908762926431516,2,1
7929,3.615226064577214,1,1
1741,2.6178662098342405,1,1
6435,6.4970184138080604,1,0
1963,22.398654539676976,1,0
4654,2.9494486254207306,0,0
1345,2.2218637407222563,2,0
1277,12.779619290889318,1,0
6839,6.194303831783278,1,1
2762,3.5318088200670807,1,0
764,0.08131648188273741,1,1
1407,2.2019002929282414,1,0
5888,4.674107893865467,1,1
4761,6.041729232013747,2,0
9269,6.137576720559657,2,1
7327,3.769712128624956,1,0
8832,8.915881138819232,2,0
4963,5.498761511403149,1,1
5292,13.434446625890777,1,1
4519,3.1855573282167784,3,0
9306,3.401073241459232,1,0
4387,10.045669718723314,1,1
5806,7.094187448433795,2,1
2197,12.861008601066278,2,1
6481,2.8029428514443135,1,1
8783,2.8222421245085916,0,0
2171,7.0135962519414035,1,0
6348,6.9728254724977425,3,1
6037,5.644983359038383,2,0
4488,2.661539792689762,3,0
8043,1.8938429929574254,3,0
1359,12.385668180476518,2,1
9351,4.8765593762920245,1,1
247,7.939175524598989,1,0
2557,2.735567938704726,2,1
4011,2.4149143923271943,1,0
2793,1.6132986755236536,3,0
4256,4.2628466501280995,1,1
6105,7.135815344824077,2,0
675,4.179484041622747,1,0
5544,1.584358763462228,2,0
840,1.0131505777302,1,1
7138,2.974304757138449,1,0
7321,1.0391827417673276,0,1
9381,8.168330588640808,2,1
5545,16.06997983581528,2,1
6613,0.9740867691162186,1,1
3671,3.6142895914534297,1,0
5851,3.135529290693761,1,1
9892,9.365155930835286,1,0
7991,10.955858348076465,2,1
6318,13.632186999188775,2,0
5953,8.243667886826248,1,1
9226,1.5467218784906136,1,1
6535,5.721515427947362,1,0
5902,1.9875563163433179,1,0
9972,7.1672563953425925,2,1
3856,13.80414505354192,1,0
781,11.826001213522467,1,1
7793,9.394567763205325,3,1
1443,9.05835692660505,2,0
8470,1.0812995244887156,1,0
8491,4.320696791575288,1,1
9575,7.793766596603863,1,0
8460,6.790729772872895,2,1
3100,1.4162500485555243,1,1
6782,8.662194783428317,0,0
4172,3.7363997185567746,3,0
8810,2.357259570243453,3,1
6897,3.714707001416664,2,1
9225,3.1607365471532747,3,0
9412,14.552742262879308,1,1
5242,16.114427316281848,3,0
3492,20.38901298295246,1,1
2745,2.8661968980236807,2,0
5055,4.365895822903395,1,0
9555,5.23566332619019,0,1
3574,3.2529879101716745,2,1
3722,11.117495215477346,1,1
9784,3.3634568919939536,2,0
1809,7.945047003764366,1,0
7232,9.237466092798595,2,0
1574,3.9121312454522204,2,1
8062,6.56413319469726,0,0
3298,14.525625177339286,1,0
5922,12.254919192606458,1,1
6958,2.9999474252842466,1,0
2847,4.125182765153878,1,1
1640,15.279966399653421,1,0
2126,14.177320816072424,2,0
228,1.4317198339498176,3,0
1563,2.820333612952523,2,1
1431,23.568129439995182,0,0
7445,2.9974098901681065,2,0
6002,3.9685020348352373,1,1
386,1.1898320245858258,1,1
2055,4.499362631084335,2,1
5770,11.91112288233924,2,0
4894,4.4190195849597265,3,1
1968,5.956854541337915,2,0
6521,5.017146270366719,2,1
9606,6.884331002742134,1,0
3278,1.3306346063746677,2,1
1515,5.014326937854403,2,0
2190,2.894922831061643,0,1
8908,9.109629122585583,2,0
8734,3.6921961950400086,2,0
493,2.882385019720346,3,1
8401,1.6321233616870492,2,1
5630,3.8155246584965066,1,1
1113,4.394662008136128,1,0
9627,1.8661691539824814,0,0
7128,4.926846816041935,0,1
4048,0.7377912485079371,0,1
7133,3.6871760812683005,1,1
4928,5.978015146987915,2,0
4881,7.056915481333302,1,0
9661,0.2530841919086577,2,1
8764,11.072377846596316,2,1
783,7.001414648771529,2,0
1411,9.367398925591075,2,1
4385,2.4462746759921794,1,1
5440,2.1337916299781465,2,0
8964,9.464130458178074,0,1
4194,3.6824305000986444,0,0
9835,5.7755199756345394,0,1
8707,1.3877142678349303,0,1
8116,6.964240980769997,1,0
7749,8.580732682727911,3,0
4076,5.208247444574825,1,1
7522,2.7380250259959555,2,1
8889,15.880377534973976,1,0
6553,4.97834521404131,2,1
3356,13.615794659599736,1,1
6561,6.2242149901260095,1,0
7211,4.812367285165385,1,0
5246,9.578227008197205,2,1
1651,7.3140724176955825,2,1
8729,8.167849097427109,2,0
2406,11.106299195760979,1,1
3645,3.290140557504589,3,0
89,8.580363919471493,1,1
5872,1.2524399829346229,1,1
5539,4.700633460454653,2,0
8269,11.111985598136116,1,0
34,10.150325020206653,1,0
4322,6.42893531792609,2,1
9831,3.9230285591323257,1,0
2850,2.2323901580583105,1,1
1636,5.237328676832046,0,1
7502,13.037901656815025,0,1
5493,8.415311196220848,0,1
6890,4.561926696132328,1,1
5748,1.5313993941568373,2,1
7466,6.309598146085927,2,1
9628,4.979383180257851,0,0
4105,8.549104099011489,2,1
911,2.6169455990724404,1,0
1754,1.3369442826099855,2,1
5622,1.9438273327333877,1,1
5234,4.032994647247255,0,0
6732,21.177285946243757,2,1
4649,5.664349119116789,2,1
8794,4.420087489769021,2,0
7954,12.058165422268434,1,1
9630,9.828532738968024,1,1
460,11.510877180635793,1,1
1748,2.999667441695089,3,0
9087,5.815688093445884,1,0
766,6.576137308409315,1,1
7559,10.473574810229687,2,1
2470,8.4398235149885,2,1
3004,0.7959374767641509,2,0
2856,3.2922752594958062,1,0
893,5.614959582179206,2,1
8945,3.9891786438111896,0,0
2683,5.5990456822643555,3,0
9143,4.09588912572313,1,0
3632,3.3923664711387014,0,0
5419,1.4524769243742617,2,0
8755,10.792345307930622,3,0
9871,2.1145515546294114,1,0
9953,7.14425161810474,1,0
8251,7.866161725585453,1,1
5559,17.764938418626112,2,0
2806,10.088619338655718,1,1
9907,1.2958261807070393,2,0
7544,16.56615595375643,2,0
8054,12.414088109645585,0,1
1911,1.6965456817588727,3,0
2594,2.056191993398298,2,0
9499,4.474374811258818,0,1
9896,4.204944490674197,0,1
5131,4.5734608446370295,1,1
637,7.175950185608967,0,0
3950,8.018953228518534,1,0
6978,7.284854249997961,1,1
1594,3.060366299892414,0,0
4678,11.196279853707708,1,1
5981,3.7775676032561085,2,0
4513,7.6233298265575895,2,1
2566,4.767376204666048,1,1
5295,3.204960690165294,1,1
5921,16.47865146550933,0,1
5719,1.602217393646593,0,1
2378,8.404361368727276,3,0
5267,7.45468074549497,0,1
7240,5.393316491326567,2,0
5270,5.311179683995736,3,1
4906,2.348309065998024,1,1
9994,7.018337571318364,1,0
6609,7.276813523349043,0,0
5533,4.309636321836719,1,0
1303,5.095260694329777,1,1
253,14.331771895135635,1,0
9058,4.217250142297467,1,0
3247,2.4553423253310758,1,0
6751,0.5556046422112155,0,1
3301,14.189932910850002,1,1
1948,2.968290380566117,1,1
5393,4.3197751278972,3,1
2484,4.115900070892785,2,1
5315,4.789222118981955,1,1
2940,10.48425559995794,1,0
6263,5.137856519130029,1,0
2459,11.16070105680872,1,0
5205,2.3970043382706883,1,1
1333,2.094891504862449,2,1
8100,5.734757841121283,1,0
7741,6.096934428949563,1,1
3942,12.184413373107676,2,1
9588,9.184105377285714,3,0
6096,1.819748275105698,1,1
287,5.305671880705417,2,0
2246,1.5636413867042132,3,1
8178,5.841604547122998,1,0
9876,6.067285472218849,2,1
7330,2.942299378416402,1,0
5961,2.852168407765689,0,1
4142,15.57168953181532,1,0
3080,6.034130247528552,0,1
1520,3.7110945984712043,2,1
5634,5.077921204628662,1,0
441,3.12262918054801,1,0
8447,3.8766745659510597,1,0
2625,3.48389821720896,2,1
6490,2.61141736997549,3,1
3422,3.829671738233423,2,1
9847,3.2657262103786473,1,1
2120,10.181952228496657,1,0
1752,4.635036629116068,1,0
9735,7.632609814506321,2,0
847,7.563839495777321,2,1
1341,8.851159730708519,0,1
9365,9.776593162648876,1,1
1657,13.372522160981326,1,1
9653,12.634212011095865,2,0
6794,5.37470466387327,0,0
7928,9.612771148691381,2,1
3075,8.542891781087016,1,1
877,13.19552399610141,1,1
3131,2.2108080767287706,1,0
5793,1.38757622217364,1,0
1979,1.8030209686386094,3,1
7691,2.1361768474559057,1,1
8608,9.303272403225522,3,1
2212,0.13734774205405959,3,0
7834,2.2136442953567714,2,1
554,2.6989418821788886,1,1
7720,4.839486546013383,0,1
6542,12.445204752742553,3,1
8180,3.992188223797952,0,0
4978,3.820752346411374,2,1
9478,5.683987377113555,3,1
118,5.77586222509337,3,1
1727,14.44217083321769,2,1
7448,13.37173019542943,3,1
3770,17.26367322474082,1,1
7446,6.84602499013776,1,0
5064,12.619913163336735,1,1
6170,4.7507579202548875,2,0
8134,4.939141871080695,1,0
7868,2.423598824800986,1,1
6136,3.259079632666675,2,0
8020,10.136045007280824,0,0
6476,14.664381128634915,2,0
1130,5.756757682314204,1,1
5857,5.359099445765954,0,0
5527,7.5287739386151245,2,0
7600,8.23085168557761,3,1
51,3.1975913543700876,1,1
7197,3.3638304668051395,1,0
3802,4.303095989009771,2,0
5460,5.662512047050562,1,0
3659,0.18732004944318156,2,1
8661,3.115374489991289,0,1
2722,3.1991261336184422,1,1
492,15.679078878043889,1,0
3698,4.804619777369889,2,0
9056,20.648343171625946,2,0
863,3.3035269110950636,1,1
6585,10.140381344065633,3,0
2949,3.208740800704207,0,1
7323,4.353412026065729,2,0
129,9.67967984057119,1,0
4652,6.400904029324369,3,0
5140,3.088739301471735,2,0
190,10.960250184027121,1,0
2992,10.809068957264149,2,1
5299,6.539230319554576,2,0
7862,7.480944781453978,2,0
3375,2.3237769464644025,2,0
6187,5.8152880515788885,1,0
4138,2.3967296708529635,0,1
1592,11.429974110177334,2,0
3837,3.706560438775602,1,0
8979,4.943378359148409,3,1
7459,5.272039170155265,1,0
7196,8.615446721552463,0,1
8140,7.268784476804694,2,1
84,8.858886479112758,3,0
7536,0.2878173835452914,2,0
5326,5.760235522200032,1,0
2535,11.190601648661595,3,0
3446,2.6064966170297894,2,0
2100,5.030581963514078,2,0
6835,3.5485467487935245,1,0
4920,4.713499550317659,2,1
9011,5.125416877379461,0,0
5740,9.398989557348555,0,1
8408,3.5325617665652773,0,1
457,3.155841963422225,1,1
4538,2.0686819729528896,0,0
8183,15.018480270200694,0,0
7433,5.689422553932101,1,0
9307,3.766945839695471,1,0
7943,8.102253728179578,1,0
1190,5.60184498431929,1,1
6023,7.540186696764772,1,1
4073,3.7730064757277826,2,1
7111,10.682515421631678,2,0
1766,20.065041446916283,2,0
7443,1.5268736019686378,2,0
8073,0.16467480143387123,2,1
1451,9.341180951942707,2,0
8857,14.807458238148337,1,0
4819,3.9173714304117833,1,1
9281,2.5658134942140496,1,0
9096,3.635693217491566,3,0
6419,5.100061198802683,1,0
1116,3.7995966756469306,0,1
2194,6.470512921358539,0,0
9061,6.690311220162762,0,0
6974,2.285917871337122,0,0
1927,7.942681985582883,2,1
7278,5.316266011075271,0,0
5564,7.906264703999133,2,1
8378,0.3448673573230946,0,1
8354,1.83102848562275,1,0
9455,1.1045379867506717,1,1
638,21.17966247350975,2,1
5718,0.5635644745436413,1,0
9785,1.8817152232666854,2,1
2471,1.553822166353291,2,1
3508,3.405654059514815,2,1
4470,8.788684965208036,0,1
9476,8.364952399469752,2,1
904,5.49030697088636,3,0
3583,8.147576225312054,2,1
3149,1.842089602917933,3,1
5955,7.251220098030534,1,0
7571,9.691333233544094,1,0
9135,6.645590396279648,2,1
5756,14.446613070076555,2,0
5699,5.495616506369349,2,0
2073,6.286004261810666,1,1
8582,2.1825604961986116,1,1
360,1.9631846351443083,0,1
7198,2.0593862995702064,2,1
6270,0.47192523115018625,1,1
1207,4.611573800253006,1,1
4585,15.676802538847534,3,1
9414,4.560482846055255,0,1
2805,5.061616339303347,0,1
6787,10.993351119509933,2,1
8474,2.9476487788617085,3,1
6277,6.067677037472415,1,0
7642,2.2387238663209685,1,1
6962,3.8254666967148494,1,0
3427,16.18058012678323,1,1
7766,12.945822423372347,2,1
1573,13.7242254697279,2,1
576,2.789648463174124,2,1
7266,6.512576034557573,2,1
4710,2.5408205247685838,1,1
8313,5.3178363761501295,1,0
7896,0.7331390611353387,2,1
9757,2.594031442129771,2,1
2373,1.973828794226999,3,1
3774,1.0565457141919659,2,1
4618,6.4758451561599655,0,1
581,15.187180666716504,2,0
3297,0.43737334866900146,2,0
6154,3.874806031171729,2,1
1467,1.8724177111546552,1,1
2853,1.6758968265193153,1,1
6845,6.060222681383648,1,0
7871,3.6989215723555438,1,1
4970,6.232772810754414,0,0
7843,8.738084036188638,2,1
8961,2.030789157191579,2,1
5895,2.5770382619816656,2,0
8168,1.4742984165404749,0,1
2871,0.6161685864584577,1,1
4799,3.8329908951405773,1,0
8355,4.254641795488354,1,1
2225,3.9597852790903656,2,1
9000,7.088261422792837,1,0
839,0.8110031149530159,0,0
2069,5.679545458749446,0,0
2105,0.9103374924457447,1,1
8539,4.08659553381467,3,1
2015,4.225721095150775,1,1
3603,3.7691736548437653,3,0
6265,4.519511109174426,1,1
2612,1.5641417761123946,3,1
4042,1.3405128005988096,1,0
6390,2.187435004968851,2,1
9684,8.386776728338535,2,0
7924,5.568205652475341,2,0
8454,7.632928309890543,2,0
9246,5.470437248538793,1,0
6157,2.8753502167893115,1,0
331,14.708759786280986,2,0
2824,1.8878999522763813,0,0
7719,1.4201004878253078,0,1
672,9.366581887397427,0,1
1506,13.828228187956723,2,0
5538,3.957167311323764,1,0
5392,4.21182194991566,2,0
1811,8.245257742067329,1,1
1993,4.169720607956609,3,0
4946,4.077015792728895,1,1
1013,6.007574250632514,1,1
3998,6.41875434826611,2,0
3904,4.144658090394441,3,1
6469,6.297377800459531,1,1
7218,7.237711055067509,2,0
2974,7.747596002787628,2,0
8382,7.205880649500214,1,1
8715,4.342403943482737,1,1
8835,10.751752846439755,1,1
376,23.05543792214368,3,0
6695,3.5755203239854327,0,1
1555,2.281318306928268,1,1
9759,6.70637385199935,2,0
5610,0.2515901637229059,1,0
169,7.6421852714967144,2,0
9737,0.9859840446600768,2,1
7412,11.661760181172,1,1
1430,4.708067966958852,1,1
2537,1.8754765906511093,2,0
1471,3.5979270548728812,1,1
8740,4.973151206899955,2,1
2636,7.940291836327959,1,0
9063,5.759469231078283,2,0
641,11.050341827392641,3,1
7215,1.9937726686794028,1,0
1913,16.535677039827682,3,0
6843,5.6610638138323015,1,0
2717,12.270631705233983,1,0
1705,7.4623264202355974,3,0
3326,0.49727894291619135,3,1
2608,5.002178808874731,0,1
779,18.87330885350114,1,0
7756,3.3304524530570676,3,0
4418,2.646127623871824,1,0
6007,5.167195589516179,2,0
1616,5.289512362254995,3,1
1556,3.732490639335005,2,0
1846,4.444951672396652,2,0
4165,6.0950297236956885,1,0
5750,2.7331336903539794,2,0
4632,6.0794709994174285,2,0
443,1.0509410823857435,0,0
1965,4.8760168737844785,1,0
8103,0.5042089797465815,1,0
1904,13.921524534599195,3,1
3684,2.934722973432754,1,0
8635,6.87687460194689,1,0
9268,14.257368170160328,3,1
5808,9.287427004127334,2,0
8407,9.500892405912106,3,0
2657,2.487932597861908,0,0
4981,9.339601488037932,1,0
8267,5.800895486138956,2,0
4336,6.6101963862874005,2,1
9819,6.609739850183747,2,0
1832,4.998785249586287,2,0
590,5.379435687862401,1,1
6691,4.082842914461226,3,1
4175,5.116290139496234,1,0
7366,1.523977551064148,2,0
4692,5.8238517880697325,2,0
4227,6.309833928201332,1,1
8601,12.454145234098961,0,1
3073,1.1228842826479164,2,1
1785,11.469245152943026,0,1
3926,5.659753748468379,0,0
8753,5.160799106823692,1,0
8499,3.370846937040679,3,0
478,9.863236328352162,2,0
7482,7.753182450475366,2,0
3338,12.455231244714525,2,0
2668,9.175942445902416,0,0
5576,1.710055712343371,2,1
5883,2.553225005680541,2,1
4743,4.953678271712377,0,0
2344,2.945663290507865,3,1
796,3.990086833263367,1,1
9192,4.1039770890030685,3,0
5003,17.26418633603154,3,1
4186,2.607630240665812,2,0
9647,1.331010331679387,2,0
1783,2.0669037173465967,2,0
1023,5.68205401834499,3,0
1276,2.924511551819876,2,1
2461,2.9732313633269043,2,1
6471,4.111152658575002,2,0
7183,3.0629435534832057,3,0
4396,3.290636763708931,1,0
3216,4.041484403390248,1,0
3783,2.2755232649319566,0,1
4131,1.817342323272735,3,1
981,2.099721969971152,1,1
3208,11.085382236073144,0,0
7660,3.8756359552520916,1,0
6669,14.848134591670862,2,1
8399,2.379596280205338,1,1
8538,2.3927497162544507,0,0
4964,0.7823200880005027,1,1
5065,14.611606179961385,1,0
8190,7.852847184450167,2,0
6818,1.6858794688829368,1,1
725,1.413291717165222,2,0
7596,5.449050005784958,2,0
399,3.8943980304136536,0,0
1739,3.0098246434228377,2,0
6619,8.555387791521794,1,0
9104,4.464476220237778,0,0
2142,1.7403939887416908,2,1
1780,1.8359454118306997,2,1
8789,2.1942822327356257,1,1
7234,10.096068089233068,1,1
3719,7.439642426611513,2,1
1477,5.695496377752983,0,0
1046,3.5717242953590516,2,0
1546,4.664582820072501,3,1
4522,1.0657820833422131,2,0
4124,6.234060063787316,1,0
8630,3.3776669542938698,2,1
6474,1.0968149875871003,3,1
3874,5.025691055357694,3,1
2172,7.9778465938146415,2,1
1119,7.9125113184221245,0,1
2000,8.192093963692205,1,0
7935,6.391125819019621,3,1
4017,12.290672591525654,0,1
1314,3.601827380395428,3,1
3579,4.013181390318106,1,1
9860,10.848561244070188,3,0
2,4.046850753112861,2,1
7402,8.598050347738699,0,0
2589,5.901820157216556,1,1
2431,7.40113257121995,2,0
6967,2.032198570000544,2,0
90,7.306131660083244,2,0
9910,8.242398081514255,1,1
5656,3.168818729382798,2,0
7106,10.15879750286235,0,1
6039,1.7871384182210597,3,0
8237,4.961383661911316,1,1
5029,1.0166879965145657,2,1
2303,2.0137340528231626,2,1
8424,6.422068345091183,1,1
3498,12.461274625940861,1,1
9418,4.714518368163908,1,1
8305,9.217766979825216,2,1
4705,5.139134926834325,1,1
1466,10.404165257001715,1,0
5127,6.487483918222329,3,1
4725,0.364013827171324,1,0
3163,3.9531883048732994,0,1
7230,2.960274542896662,1,1
3699,4.962711404624885,2,1
3866,4.9802481654326325,1,0
625,4.757219954235797,3,1
9218,5.738502752521146,2,1
8705,4.935210659051812,1,0
9523,6.629657773365906,0,1
9646,6.616738333913279,1,1
5785,0.49321037406684953,1,1
3110,14.924846005134233,2,1
2051,5.054339113460147,2,1
931,5.581237119356849,0,1
2775,19.920423478061537,0,1
5607,12.915487599986315,1,1
6816,0.6793422729141336,2,1
6081,7.908830769517911,0,1
9085,7.199830648956615,1,1
9407,2.8633043952735555,3,0
7858,2.691560105851134,1,1
8805,8.583962489234178,2,1
5543,6.6374608377405355,3,0
1077,17.066173332920492,1,0
7078,4.407271670538085,0,0
3692,5.396968593183083,2,1
8796,3.1076178112737725,2,1
5303,5.751112788135261,1,0
5415,2.9889091260357232,3,0
7389,1.9490825463882397,0,1
858,4.17312602772904,3,0
5477,3.97632643542549,1,1
4065,3.5257733846466404,1,1
7220,18.019713437813373,2,1
8214,5.153169700489542,1,1
7964,1.164745434380873,0,0
2025,2.5770484170130374,2,1
5228,3.36121239069732,1,0
4745,8.096671982850943,2,1
2808,5.545125209092201,3,0
960,4.548107237186713,2,0
1732,4.562299186844297,3,1
3006,3.678839536897061,2,1
6369,4.323357990675456,3,0
424,0.6222277767361951,1,1
3829,9.13523535784897,1,1
9842,0.5959346253377139,2,1
2590,9.663472708434703,2,0
6743,5.247424150516118,1,1
7143,7.3689801558225785,0,0
4110,1.9361222539396916,2,0
7535,2.9269679517758944,1,1
9258,4.766380750911745,3,1
7140,2.095708347163781,2,0
3397,2.2290354311957334,2,1
6125,1.6507996755552286,1,1
5873,3.923658691303823,2,0
1169,2.15689398592923,1,1
6114,6.627154808707047,2,1
218,18.834597590636843,1,0
3497,1.1816659755164518,1,1
2671,7.704800246621323,2,1
6704,15.346631123061393,2,0
5623,1.9701265189656656,1,1
3752,8.146934588172243,3,0
8097,5.074743910459835,1,0
8218,1.430131218730841,1,1
8864,7.226244270175087,1,0
7771,4.21624436334327,1,1
1755,8.647984646976992,2,0
6650,0.6448891379761282,2,0
5995,0.9930089253573835,1,0
1233,3.291536145111304,3,1
2196,7.228109050541221,1,0
748,1.525877450346671,2,1
98,2.0953852364111896,2,0
5269,6.950204364574212,2,1
4078,0.62768504434294,1,1
8035,3.4879257197158133,1,1
9718,4.685911340716327,1,1
6465,0.4558843762371775,2,0
2725,10.462803181538396,1,1
7898,9.680082205392251,0,1
6107,6.321848384497284,2,0
8481,3.938866483535801,1,1
381,3.076823557484253,1,1
2698,12.331997489945076,0,1
9936,6.751046395979481,2,1
3407,6.797423191422405,1,1
9631,9.239075438796974,1,1
9098,8.492489692592791,1,0
697,2.4885986441128223,1,0
3700,5.575812926120413,1,0
5787,6.768775219770919,1,1
368,1.383261268411815,3,1
4832,2.526803527762975,2,0
5148,7.750206174305846,1,0
3224,8.798848464411902,2,1
7579,11.959744089271933,2,0
5204,5.314586537543555,1,0
1990,2.0982122326967056,1,0
4545,3.476287275704272,2,1
9692,5.6892878299757434,1,1
6420,5.435714814072913,2,1
6766,2.683529666088558,2,0
3686,0.036239269357372456,1,1
3953,6.130217631895922,3,0
6977,4.90514085260607,2,0
627,4.693855935069801,3,0
6106,14.929902721556292,2,0
4171,0.8576357960836549,3,0
5685,3.4921618333103925,1,1
4674,2.5887882308586407,1,1
6221,6.295149715635527,0,0
2343,4.60309278997636,2,1
7421,6.621443672986126,0,1
3529,4.806098795459955,2,1
4838,1.6364881303676584,2,0
8534,5.440492285179042,2,0
7949,3.049925432768907,2,0
8193,4.2631649749740035,1,0
1902,6.121523131174247,2,1
2684,9.087407929385224,1,1
7318,7.03100016394814,1,0
1579,5.887436519771249,1,0
9641,6.581320248716665,2,1
5101,2.480205424301484,2,1
4520,2.393930982409267,1,1
4834,3.7846643476894597,1,0
7411,3.1031604052572455,2,0
4712,5.735359019140158,1,0
7715,7.964167495417888,1,1
3330,9.13982795015827,1,0
6340,9.401388319326959,3,1
953,7.16613905908021,1,1
6901,5.341477882343295,1,0
2048,4.375796822732231,1,1
4234,3.3031247938833834,1,0
9498,12.875533918292899,2,1
9665,4.2137336234709935,1,0
135,3.3858891284083716,1,0
4236,6.760464723002851,1,0
3715,12.766259688059902,1,1
5278,3.7996939432667896,1,0
3300,2.0442749874625887,1,0
2574,3.3877296551475204,2,0
6941,11.567771729706664,3,0
853,4.28683902588577,2,0
4931,10.27361100913306,1,0
6883,5.9838447693996315,2,0
5941,2.5429280326312558,2,1
1485,2.0227729995391153,1,0
646,14.215609369151164,1,0
6886,3.5931696856680997,3,0
268,5.037822441693847,3,1
7605,4.118324458546125,2,0
805,0.5965270832318389,2,0
4123,4.176528197955143,2,0
1068,7.800626776085744,1,1
500,15.668130339531572,1,0
2633,5.930107789315098,2,1
6231,2.6753651706681754,3,1
5836,1.6092253889173058,1,0
3982,10.627742536791862,1,0
5463,2.815382360612458,2,0
1932,4.323676612461226,2,0
1319,13.60293422268297,0,0
9150,6.4318718869320515,1,1
5554,0.9765517925738614,0,0
2658,6.28730448355233,2,0
6159,6.0808469325648105,3,1
941,11.350703409926657,2,0
1793,9.58322759635709,2,0
442,7.815599432297185,2,0
3695,2.873519577321756,1,0
2028,4.469427271372067,3,0
3607,3.7976232729471997,1,0
6177,8.505713197773607,1,1
300,3.0823257205601227,2,0
6575,4.796925993147415,0,0
4448,3.7233532118766037,2,0
595,5.820649975062231,3,1
1146,6.087391955219822,2,0
8517,0.7149090517325974,1,1
3585,6.625399643322643,1,1
2696,9.663084709477696,3,1
8347,9.105833479090975,0,0
7236,6.563565233689792,1,0
4688,5.8522602982397665,2,1
8868,8.42415009044834,2,0
5732,8.28004374912658,1,0
3650,0.781055174929703,2,1
8904,6.0202039197112605,1,0
7113,2.460386269498147,2,0
6556,7.679250456054651,2,1
2147,4.177683573062285,0,1
8834,12.147900891078855,1,0
2123,6.619771158882399,1,0
5679,6.879235340292977,1,1
3902,5.367476505000511,2,1
5531,1.189726224382961,2,0
5404,3.0928307174230922,2,0
7310,3.2373162537192592,1,1
5642,4.84493907218965,0,1
515,6.568098383081496,1,0
8075,4.351450378443083,0,1
1647,0.6487620157126341,0,0
597,10.349287191425264,2,1
7612,8.263411062412027,2,0
7879,4.0320984408235665,0,0
3554,2.9390122477440928,2,0
7655,8.427772928363858,2,0
5834,2.994280070155402,3,0
8670,3.8986283706295746,1,0
6731,1.6071115256146598,1,1
6482,8.207976581874805,0,1
7659,3.725096156371635,1,1
4666,2.9810427522509495,2,1
5885,0.3660865446769397,3,1
1936,6.258087002031898,1,1
8283,18.329652901001747,3,0
9586,1.5799367281951147,1,1
4323,7.3032091682047,2,1
5275,6.738467861439311,0,0
869,2.911505391381762,1,1
7275,3.8953900043225023,0,0
4638,9.517929709363601,2,1
5353,2.5198751124951912,2,1
9152,5.2413659025986234,3,0
1366,3.073128026956198,2,0
1475,2.860463065237855,0,0
7936,5.0197215270862845,2,0
7833,3.6729729815965455,1,1
438,4.765710667010307,0,1
7148,10.185180482743293,1,0
9889,2.9443571881816912,1,1
4247,3.9267831558389292,2,0
4002,3.0609715159427093,2,0
6774,3.618846827497251,3,1
4571,4.309360911810509,1,0
9236,6.303780268046921,2,1
1910,4.97324059649244,2,1
8561,8.261287904836747,0,1
3095,3.9031793526718723,2,1
7095,6.828250929167465,3,0
7422,2.7978918476866146,1,1
7072,3.509399899628984,2,0
4973,1.5812880434056589,3,1
9198,12.244232467296026,3,1
9443,4.534681724846367,0,0
4817,9.269552363566103,1,0
7948,5.59642400776746,3,1
3151,2.6336407283374346,2,0
5598,2.6104317487086166,2,0
1683,6.838105188426351,0,1
2383,5.522537056125415,2,1
8928,2.5611375418126934,2,1
6483,10.777823472846926,1,1
8648,11.087243934321956,1,1
4399,5.880321863673421,2,1
9398,4.443719598355326,2,0
7467,7.595124940886395,2,1
4807,3.676066662649758,1,0
7153,6.037935572229676,3,0
4043,3.2807738492600884,0,1
9679,13.247046212120114,2,0
2615,9.60278673255929,1,1
9022,2.3843999992309888,2,1
5869,0.9295663963651697,3,0
4474,4.3064654425459725,3,1
8152,0.6709178499269158,2,1
5259,4.528627688207421,1,0
5681,5.2928582821338495,1,0
5471,0.5270151796213738,2,0
9232,5.4127150827069075,0,1
6350,12.814260993432157,1,0
4856,5.158946752360026,2,1
6319,6.341455662012894,3,1
6290,1.497373324900169,1,1
3408,3.5632536442662652,2,1
6449,14.545563259056452,3,1
8442,5.074961182437011,1,0
3653,8.03242562368245,1,1
7934,1.5833220184799657,1,1
1439,2.497453351468109,2,0
6612,5.6009546910254615,1,0
3271,5.573627743911668,1,1
4137,0.2734640889861508,3,1
1923,12.420597677207674,3,1
5612,10.537829702247262,2,0
1039,12.464327847688027,3,1
6906,16.508855270048997,0,1
1178,21.373373777050194,3,0
1882,3.5916208776209437,1,0
7725,5.847087733195592,1,1
8524,16.77365413435755,1,0
5786,7.868573026747729,2,0
447,7.657195119330637,1,1
9399,3.4826023914254103,0,0
7295,8.13642113877474,1,0
1534,7.855937540491302,1,0
1185,7.660170017308161,1,0
2579,1.8257441976925228,1,1
7409,1.028214839057966,2,1
2463,9.067848233940925,2,0
5496,4.969538274216031,2,1
4930,3.8846115924951152,2,1
8356,2.683334515360378,1,0
1700,5.924171902441595,0,0
683,2.744216773056007,1,0
769,11.213536318516521,2,0
5184,3.523179192466478,3,0
9744,7.32912787986309,2,0
2756,14.38797498819229,2,0
7451,5.6750903819816,2,0
235,4.920336270477051,1,1
8622,2.2788121594054944,1,0
6824,8.94820574042042,2,0
2918,14.255103360015777,2,0
3760,2.15168562791925,2,0
7585,4.631394602091986,2,1
6267,3.6688390137269007,1,0
4035,0.6153352455004935,2,0
7425,10.096260240733805,1,1
4843,5.148917114141566,1,1
2031,9.196525677977455,1,0
6526,6.115032514506953,1,0
7226,4.692573940325208,2,0
3548,11.831872898391536,0,1
5589,5.097898509684715,1,0
3878,5.2168471788814195,3,0
5625,9.202181330277257,1,1
8849,10.929019845171787,2,0
8173,7.2342283650999475,0,1
8778,5.069472587003721,1,0
1866,5.524985140366789,3,0
4531,3.5046077602646477,3,0
3284,5.5479176482148205,1,0
3239,3.0106511680382213,1,1
7703,9.61784661510206,2,0
6652,9.858902917782517,3,1
70,4.1913793178919,1,1
9592,23.1050259493367,1,1
4263,7.295810277683667,2,0
5130,10.445771236289488,3,0
5846,15.556161261030388,2,1
1966,7.813726603597683,1,1
4427,3.7387081036460086,2,1
4439,5.212441887423845,0,1
3045,3.351109360651501,2,0
1033,5.545026789222368,1,1
341,3.268817733274953,1,1
2424,2.018201196154332,1,1
5160,12.061428181292191,2,1
4555,1.1843249592983505,1,0
6414,1.0727871678299115,1,0
6344,5.403259386128034,2,1
3449,9.429642707134123,2,1
6662,1.9586544071123106,3,0
2491,2.1813062425206518,3,0
5643,4.276946977443527,2,0
1926,13.576288933300113,2,0
195,4.351801372108515,2,1
2836,5.502058091340544,0,1
7180,0.35034592019283073,1,1
2010,4.140643158304615,3,0
2276,0.6710944289021835,2,0
7852,2.1824503352516755,2,0
7208,7.95342736125353,0,0
8969,14.278634815537718,3,1
5813,1.3856212307351032,0,1
6678,5.740916354622877,1,0
5641,7.784575844050175,0,0
1957,12.888037461510025,3,1
940,2.1108143714766907,1,1
323,3.568436389598573,2,0
9169,0.9971934719724795,1,0
2936,1.035513690950693,2,1
9854,3.3280465352509463,1,0
4008,9.106264050959433,2,1
7203,7.054699170927984,3,1
1883,5.795953510336003,1,0
8593,1.204663043908287,1,1
3209,5.548537214919991,0,0
1455,7.696153901212657,1,0
6377,4.232218120662836,0,1
4788,4.508616718545445,1,1
614,5.2034705277213185,1,1
7885,5.454542583820929,2,1
342,10.19099154886661,2,0
3597,1.6012320247220755,2,0
571,2.998040738798629,2,1
696,1.2499247104774502,2,1
2558,2.664575648096628,0,0
4695,10.022822746197736,2,0
8706,7.821960442366417,1,1
3776,6.916177972315948,1,0
9774,2.508796984025836,0,1
5525,9.846043810370842,0,1
4062,8.482219696940932,1,1
528,2.749076871353737,2,0
8306,2.4017633747590503,1,0
8838,1.8677854005631258,3,0
1757,2.6153255882513857,1,0
278,6.204938470036941,1,1
2993,3.1254237775917493,2,1
1254,9.486354517563727,1,0
2492,4.3420970795089655,3,0
8273,1.1254063819217028,1,0
9844,1.4951840101499076,1,1
7485,17.92719079811944,1,0
9199,5.063030910127868,2,0
9802,2.358682787321673,3,1
3269,5.224310910894639,2,1
9890,0.8576721385085471,2,0
4302,5.3693858270225885,1,1
6320,16.272774412849127,1,1
9559,3.1613087543441964,0,0
4391,5.215940861019319,1,1
4311,8.373708251826917,2,1
5425,13.244557203547169,2,1
4335,2.967509295318582,1,1
6528,2.8711146003175423,1,0
6006,6.024450379880902,1,0
8145,5.670944317657062,2,0
42,6.435461420925496,3,1
8242,10.206482084498276,2,0
6516,1.930894465503386,0,1
3351,1.0376562422719884,2,1
7300,2.335241789876293,1,1
6950,5.390872909872869,3,0
1958,12.45036035370262,1,0
3674,2.7296074158986623,2,1
88,6.075571457249259,2,0
4139,3.3057259022038714,1,0
1315,5.576155130937584,1,0
5266,3.7090239769207183,2,1
4623,8.103607825029378,0,0
1747,5.335820119156652,2,1
9076,6.413486808291934,2,0
3417,11.766546818020554,1,0
7999,7.230890272232152,3,0
1672,10.196215484387546,3,0
338,3.4235728418545452,2,0
3428,3.5069632951802716,2,1
8996,5.289564929818834,2,1
497,4.24551982516331,1,1
8691,5.3536024984155794,0,0
6546,10.772609126867524,2,1
8514,2.4275146336354045,2,1
5878,5.56571310926571,1,1
8515,4.399939073350907,3,1
6365,6.402947487795679,1,0
5166,11.381813770675842,1,0
1914,5.610071763425652,1,1
9299,4.6662899799077895,3,0
8155,4.4982157177315045,3,0
2335,10.99412782197698,1,1
7082,1.5944476849887752,2,1
1791,1.544444261545721,2,0
3580,6.130505420251499,2,1
5529,11.364886877463325,1,1
2310,6.425464619785268,0,1
5302,9.210731834933492,1,1
1517,3.3461029509316766,3,0
7361,3.90221994333012,2,1
7962,4.058106364249952,2,1
8726,4.4400154102086855,1,0
4294,5.579994339680721,3,0
1805,5.08029250559666,2,1
942,13.409468333243742,2,1
6428,9.39626845407262,1,0
1484,7.609903332958044,2,0
7089,10.040643800510928,1,1
6997,2.729136675420695,1,0
7611,2.7462663994560574,1,1
7207,7.347151641130268,2,0
1123,8.94968899935823,1,0
1745,3.6842797966036067,3,0
2687,2.3344197853446675,1,1
4091,4.8232524452224155,1,1
7035,3.34748372101852,1,0
1591,7.370534089678049,2,0
557,3.3448421677035722,1,1
2417,2.8969989599946353,3,1
7807,7.034789842606863,3,1
5377,6.181609000080151,1,0
619,3.66564500778149,1,1
9342,4.40352909864202,0,1
6090,11.282901896066695,3,0
9393,7.454025506926383,1,0
5739,4.368441901060759,3,1
3935,4.989924782776352,1,1
7449,0.9509247427656838,0,1
2351,4.553167712213964,1,1
9287,3.521924646635713,2,0
6045,13.380291372295023,3,0
5289,0.4048113497349121,0,0
6680,3.094791035674951,2,1
361,4.5284804095709275,0,0
6400,0.812685267915654,1,0
979,5.176247753444355,1,1
5209,2.846892981094708,2,1
3403,9.091927537373778,1,1
7687,13.14005712593471,0,1
306,0.8744016424606351,2,1
3840,2.732210344492071,2,1
6805,6.964745723065009,1,0
7480,3.380065551903237,1,0
20,8.810180282639418,1,1
560,6.735432483611135,1,1
5438,2.2839519614561263,2,1
5950,2.8287638336555267,2,0
8254,3.7048216865599968,1,0
4477,6.703267042520021,2,1
4132,3.3019833543012957,0,0
9131,5.804020785190478,1,0
3253,1.3031131507446143,1,0
7061,4.6671360920216625,2,1
7629,18.688285617259208,1,1
2337,6.808028709896091,1,0
9291,4.192275814985719,3,1
3742,0.4604637947374497,2,0
3332,8.897022166491329,1,0
2799,5.022584028207243,2,1
1055,6.828772371906991,2,0
8827,13.475175177231941,0,1
3939,3.535251005884899,1,1
728,6.661001544670296,2,0
5842,4.17429884634256,2,1
2990,5.361167122490711,1,0
5925,7.809872095146764,1,0
5855,2.0049041559645526,1,1
1848,4.117763554306235,2,0
8587,7.314298817011872,1,1
9227,10.064555557536028,3,0
9449,4.256210123742719,1,0
3567,1.5771614162433796,1,1
7778,10.601273808918231,1,1
370,4.0604891092720266,1,0
8776,8.249486774993109,1,0
4919,7.842061447175631,2,0
3838,8.144295291696146,3,1
4238,7.797619686686417,2,0
761,7.403920786845001,0,0
6744,6.879247920446687,1,0
4122,5.695617978567788,1,1
7428,3.2308133745397765,0,0
4216,1.8176992419910023,1,1
7910,5.916075541028309,1,1
7258,0.953906655095358,2,1
1504,10.138061064505811,1,1
8819,8.26790179322165,2,0
2649,0.6126116783731764,2,0
1582,3.1891536399936022,1,0
8393,4.7994774356470185,0,0
4108,7.076150952979903,3,0
3894,4.548855327678997,2,1
9550,7.851755833876367,2,0
9077,6.549202663136706,2,0
2402,8.316611804138596,2,0
3486,0.5145525170582487,1,1
4157,4.84695411684003,1,0
4992,2.1693738321273552,2,1
2295,3.3695522292678706,3,0
1935,5.100921396705955,1,1
6491,2.4288990947225715,1,0
8886,7.11522090818137,1,1
7578,17.89726407043056,3,0
8375,15.645121943893399,2,0
4088,6.6147016079282475,2,1
5838,1.7164155055985828,1,1
6284,10.341774224179241,2,1
6973,3.561997183366839,1,1
9849,5.067748806939136,1,0
5820,7.404916809734969,2,1
1813,12.201159492022246,3,1
1991,9.90284948270501,2,1
4203,10.49593674958378,1,1
7063,9.39458368571341,2,0
7055,2.1352970179087865,2,1
6700,7.5542584236530335,2,1
5230,3.4045405368614032,1,1
8684,3.0103736007398614,3,1
3738,17.91270414943176,3,1
4703,3.8576707351572894,0,0
5603,1.5129681647879334,1,0
1064,4.495828002754858,1,1
9243,8.05574727837062,2,0
2307,6.157373684685832,3,0
4200,2.492012218206931,2,0
2195,5.243351323246879,0,1
8131,6.789531378618872,2,1
7085,1.0074184093568284,2,1
9323,8.510599335729683,3,0
9722,1.088907561314228,3,0
8021,2.2123710305272923,2,0
3225,0.6563155902698851,2,0
2405,6.149599491178415,1,0
4736,3.554786098375104,1,1
9742,2.3526513672534577,1,1
7431,2.6398971107314906,2,1
6937,1.7358144933120965,2,0
8485,5.445185013459767,1,0
5707,5.0715292591135555,2,1
7546,3.7316114949831007,1,0
1417,3.0161048830464305,1,1
4033,2.100558924241308,2,0
8385,8.653020384021286,0,1
9963,2.7307462453935645,1,0
3669,2.495441850950868,0,1
3599,2.492380617167849,1,1
3822,4.87892004464218,2,0
2783,19.13540902541381,0,0
4347,1.398510963011486,2,0
2482,2.030067487650281,2,1
8084,2.4604010476509974,3,0
5060,14.089056340068637,2,1
2342,13.004687343884662,1,0
1659,2.0451453693107102,1,1
9424,6.165977145901159,0,1
7398,6.063930224804922,1,1
7044,3.262969050082006,1,0
7840,3.9919945624558553,3,0
2420,7.526687485381601,0,1
2789,0.5006823309551555,3,0
6670,5.200945287641594,2,0
5870,1.1544345889155971,2,0
466,5.32550312396775,2,0
6147,1.707655518219803,2,0
9511,2.895123613500403,0,1
8720,1.0238401455435158,3,0
2278,4.486828400338619,1,0
1955,2.3674294735575363,2,1
2419,5.486357447456518,1,1
7900,3.953831691650087,0,1
4383,5.262064335167232,2,1
8139,9.095900010773464,2,0
8143,9.33404291171323,1,0
3589,9.942293745739152,2,0
8813,0.7586616522350225,2,0
6769,1.1803994384788945,1,0
2323,-0.009106491079157786,2,1
5300,3.273771395463476,1,0
8735,7.341296839353333,1,1
9895,3.2017165058944084,1,0
7199,3.692777832915024,2,0
3538,3.613249987508747,3,1
5337,4.058373381165991,0,1
3522,4.264147185029895,2,1
7658,6.082788508580351,1,0
6773,5.266926502904764,1,1
7468,8.440607538455485,2,0
542,6.3912031757353915,1,1
5628,6.473717355784322,2,0
3945,6.2980545627913616,2,0
9036,4.630724968787067,1,0
5619,12.136657927736472,1,0
1586,4.059269217903793,3,1
8280,2.0872104010883836,1,1
6970,9.832245770502247,1,1
1409,3.84198818679997,1,1
4303,5.509621250002733,2,1
3790,2.8676672462803823,2,1
4629,2.843301276886947,1,1
1052,2.383262125943823,2,1
4878,5.531331368891933,0,0
1827,6.329167441562311,2,1
6036,6.198093374743499,2,0
1101,2.4642632692825432,1,1
2716,5.864236962073619,1,0
7589,4.970501353250551,3,1
9500,8.245401934863521,2,1
3830,7.001928192497119,3,1
9168,2.3109387823231864,2,1
4051,3.4478746883524387,2,0
6429,2.0519862883924214,2,0
2312,4.759488489313597,0,0
7632,4.8199485924516825,1,0
2449,0.5247472934380796,1,1
4559,21.759076848450032,2,1
740,4.940202796476371,1,1
8196,11.872483675873234,1,0
8632,12.438108610680196,1,1
3043,5.668353457608871,2,0
5911,4.704716187201792,1,0
1338,3.0675147119637436,2,1
3071,7.803916564202077,2,1
1268,1.8606026868675487,2,0
4466,2.8043942940344926,0,0
7098,1.5666663133019392,2,1
6496,3.8457426042489384,1,1
7863,7.769130504242113,1,0
3158,5.244641954393527,1,1
3827,2.4408201236856404,2,1
3107,3.840660986726086,3,0
9012,10.505898559798755,1,0
4641,0.7897318550133058,1,0
4419,18.534390677636225,1,0
9387,10.45035543862749,2,0
8557,7.634655701663574,2,0
2475,6.712759242714423,3,1
3275,0.3260774122224619,2,0
8818,3.851286359198138,2,0
8301,4.514290483507304,1,1
9800,2.9611607638974076,3,0
1810,9.249489568745515,2,0
4429,4.682478439565073,1,0
7160,8.97074902699401,0,0
7623,12.739581608208855,1,0
246,15.245124969233437,1,1
1088,0.7970040408441894,1,0
6709,5.890260634084847,2,1
5905,4.774786201253221,1,1
5344,9.813919540901372,2,1
3892,1.0178833454812535,2,1
6637,3.8097435423273556,2,0
2395,16.878482697492462,2,1
7553,7.414900540448649,3,1
1912,14.86264271578574,2,0
229,15.876169064900628,2,1
5540,5.638434942219893,1,0
7193,2.340844266819466,0,1
782,13.713718027626394,1,1
8800,9.50020645822795,1,0
5472,19.239783439616282,1,0
4893,6.430107632240421,1,0
7204,1.4752278593940957,2,1
732,6.108750060686037,0,0
2375,1.9965996788960108,2,1
706,0.9706820732189759,2,1
4049,2.9186155326483347,2,1
4939,13.297486978400338,0,0
8236,1.6733213070848596,2,1
1881,19.96542567573401,2,0
7070,9.864964892383394,1,1
3873,6.215536825942226,2,0
4152,3.2182964877039,2,0
1238,4.330451746709095,0,0
9894,14.428192638927225,3,1
8985,5.151274063676228,2,1
2219,2.9757300984426505,1,1
8141,5.254139408836173,2,1
7107,0.9983845941875659,2,1
2893,11.153431608125889,1,1
1131,3.227379993911646,1,1
6631,3.6364494959187863,1,1
662,1.3181925531358865,1,0
2309,3.365541212107262,2,0
2677,4.471217099743943,3,0
6351,5.736302368821212,1,1
3364,1.7504564707781307,3,0
5458,3.93937075681465,2,1
3724,15.48009095928442,1,1
4232,9.824457909160175,1,1
1296,4.87835801261437,3,1
7020,8.366977945351563,1,1
5164,6.2948171810201465,1,1
4546,1.8236867394653258,0,1
4938,7.364906599405238,1,0
5124,7.268175983566101,2,1
2538,7.325698703905934,1,1
5840,22.03096374725553,1,1
4094,10.139033706563835,1,0
2052,6.169220176330546,2,0
6749,9.139114996571195,2,1
96,16.16622655933528,1,1
437,2.641142061582159,2,1
4996,17.824515102740804,0,1
1857,6.992673161999753,1,0
3153,7.66864559517486,3,1
6328,7.460509809725288,1,1
2018,8.686244250785027,2,0
559,8.602633679018554,1,1
2114,3.505612777989369,1,1
933,12.032611493941037,2,0
4320,2.779664121085556,1,1
2715,1.5145597233233783,2,0
4839,5.924139658633292,1,0
5475,7.3997352677153,2,0
9689,0.8417175612450322,2,1
5489,8.512511251530753,2,0
7029,1.5771780941821776,1,0
7213,5.789167649516426,3,1
3380,13.577339489909212,1,0
1174,5.0601595605270795,2,1
5631,8.538285479356398,2,0
6408,1.1224965007800036,1,0
5441,9.052163339941789,2,1
4689,2.0996774516621115,2,1
6830,1.6131851848726688,1,0
7043,7.338953187303212,1,0
1382,3.0593026924986986,2,1
6623,2.7527796270440485,1,0
4814,13.187529074216016,3,0
2452,13.325443384333475,3,0
2336,16.19211878739619,2,1
49,6.514540092144037,1,0
6979,1.935489072910943,1,1
2156,3.0406268935521084,3,1
8792,1.4378926040837177,3,0
5286,10.719330134074834,2,1
4133,4.33610029058087,1,0
463,5.7005407138959985,2,1
2208,14.447452408254485,0,0
8026,2.105796850534794,2,1
3730,3.6268604157113975,1,0
8128,5.183766281896195,1,0
8848,4.699208053397576,1,1
8308,7.349773591744279,3,1
1398,4.429686574099981,1,1
3737,0.6200979329444043,2,0
2145,6.001439565788348,0,0
9715,7.922803852512837,2,1
3366,5.957969771250122,3,0
3979,3.583621771921961,1,0
4026,2.609261735740935,2,1
9814,2.7032375375655087,1,1
6301,2.7017772234227784,1,0
3972,5.560605606147805,2,0
8213,4.427729470372495,0,0
7945,8.228520810734613,1,1
7565,8.377014525469919,2,1
3779,1.6871601429835805,1,0
3782,16.211335715643223,1,1
8257,14.233264059413063,2,0
481,5.672769886885664,3,0
7615,7.538222420413275,2,0
1125,7.886800165066326,1,0
7007,4.979167150591902,3,0
8106,2.850723220823506,1,0
5293,1.2600287133238197,2,0
2541,11.853775642868865,2,0
271,4.477450942415038,1,1
6930,3.834763374722314,1,0
203,1.1899072358243616,2,1
4879,6.235951556525286,2,0
5956,5.907754841914448,1,1
4156,7.653532829681361,2,1
607,8.523847882370484,1,1
9334,3.6602133924092377,2,1
1029,1.6497116385586232,2,1
7075,5.495411557208124,0,0
5755,7.780747642111706,1,0
9422,4.323886434198354,2,0
5486,3.6287412271551993,2,1
3152,4.604380495747858,2,0
269,2.750104521850206,1,0
7523,2.7399488080891556,0,0
8952,12.560936976122843,0,0
6,3.393234005222697,1,0
3534,5.3662678540240165,1,1
7069,0.660529672044399,1,1
9044,9.552861073940422,2,0
8351,6.679145420774642,2,1
8732,2.578610030989695,1,1
7017,9.70940947922662,1,1
7437,2.2529023915755513,1,1
6228,6.573254960103046,1,1
4780,5.307748832036497,0,1
6388,4.584991617665324,2,1
7177,9.620930419172495,2,0
3662,0.42182892414884965,0,1
8934,1.2603033943477013,1,1
8380,0.33538018005789233,2,0
8563,1.6054855755990156,1,1
8475,2.3082774138744213,2,0
2166,16.079043185151843,2,1
6853,1.5005197203718068,2,0
5945,2.1226971497144604,2,0
9339,7.000071966666672,2,1
5086,1.3448262367075774,1,1
2731,9.753253688987982,2,1
7768,2.333451413197559,3,0
8255,3.360780746733325,2,0
4147,2.52011765673431,2,0
4119,4.639760876482313,2,0
9360,9.251175792154134,2,0
6329,3.055558016409149,2,0
5372,3.0548584492669764,2,1
4478,4.946076935119782,3,0
7064,8.977497028881421,1,0
7952,4.291610028079556,0,1
9613,6.157538594505654,1,0
3246,1.983736782169629,1,1
2347,10.328172908038498,2,1
2632,2.0528472339855726,1,0
8913,1.54086657028376,1,1
5119,2.0519320450853327,1,0
5776,5.005982148102957,2,0
9845,4.214349601573838,2,1
1870,2.1174634823005434,0,0
1418,10.090730670936596,1,0
3008,2.881851051431236,3,1
1798,7.619168887504053,3,1
1489,8.11850335009005,2,0
6151,6.04839951018206,1,1
7217,4.726574642683376,1,0
6924,7.150541339375076,1,1
4868,7.6617130325561424,1,0
2833,4.735130553429989,2,0
5671,2.8637206004346236,0,0
6763,3.3554849189114524,3,0
2173,13.559984559944285,1,0
7837,13.167820134441165,2,0
3656,4.993364049276184,1,0
2643,3.9073164059898633,2,0
8943,8.862589119322976,2,1
9902,9.397588472214327,2,0
9462,15.628627160996954,3,0
1601,12.534803926842171,2,0
3867,6.7088752880206375,1,0
7202,25.48376453402145,2,1
8478,4.964649436223114,2,1
5412,1.703275974630377,1,0
4643,2.816851157422783,2,1
3494,11.45974387348554,3,0
9540,12.297909214757977,3,1
2580,8.091627168394089,1,1
2221,4.566525311801074,1,1
288,2.3510825205472985,1,0
8553,3.6350514412655026,3,1
7821,1.2286577482498897,2,1
7705,1.930939852983241,1,1
3040,1.4079946700487804,2,1
9474,11.219662386387242,1,0
5737,1.9478804741570528,1,1
1103,2.84432315278018,1,1
1037,1.5554640983384083,1,1
1812,2.2246360661186655,3,0
4792,1.1346257861842384,1,1
1242,10.005188513244235,3,0
984,7.102653812316678,1,1
2796,3.5314083906077833,1,0
7841,5.105997043845189,2,0
8651,4.1035116507673735,2,1
9419,5.712629611076731,1,1
6370,8.506685008940744,1,1
512,7.956762608146228,0,0
6614,4.5457406420476065,1,0
3828,9.085634213171767,1,0
3889,8.494302923061545,1,1
5062,6.365755676019084,2,1
2182,7.273030601604847,1,0
2434,6.0852084629586765,3,0
5114,6.84925446042891,2,0
7367,10.920354650912534,2,1
895,1.8910370263083265,3,0
7590,4.886586049103956,2,0
8430,1.7932388743355334,1,0
753,2.980700372556211,0,0
7250,5.523773511434893,2,0
1244,9.314951463149805,2,0
6129,2.555919640720926,1,1
2262,1.9736025854389831,1,0
327,3.7406251363462046,2,1
8673,5.179511429922175,3,1
9241,2.24625105274601,2,0
6866,7.810659130321851,0,1
5666,6.458434544708954,1,0
1512,17.02941178590233,1,0
8727,2.8932811078166725,1,1
8522,10.944715039793515,3,0
908,9.259428106956838,2,0
1470,2.875825948227383,1,0
5882,3.5042467664215784,1,1
2088,0.6992422540458952,1,1
2165,7.338475634783608,2,1
312,9.897681848287911,2,1
4022,0.06674259010153254,3,0
8272,9.36095227218708,2,1
3987,7.928524868797606,1,1
9024,1.0038362335713427,1,1
2427,7.134750934495399,1,0
3414,4.767083645237528,2,0
2876,8.518565674756772,2,1
3434,4.947491171769402,1,1
1677,3.5411664062967065,2,1
7349,4.70287546431937,0,1
5036,3.26194443553052,1,1
9909,7.4959326475982415,3,1
6342,10.42440282244187,2,1
7238,5.689824908165388,1,0
5352,4.993450442412452,2,1
7206,6.204020986728951,1,0
510,7.233225504813853,1,0
5111,3.9025941158676023,1,0
8951,4.347745331020574,2,1
1889,3.1577112090389168,2,0
5788,10.11750104294834,2,1
7857,6.108603761076143,2,1
7564,3.498920057745854,2,1
7760,3.8844689962378935,1,0
4344,1.9141211748004907,1,1
8309,2.4780106916864617,1,1
9466,4.620804236649662,1,1
9247,1.856950439899252,2,1
7487,12.843071643827388,2,1
1054,2.4742048836159567,1,0
7525,6.073637824876188,2,1
6781,8.591300258627673,3,1
5675,5.484498133259795,1,0
9316,1.7971905167886049,2,1
3156,9.798827363594645,3,0
6676,4.915463542510988,2,1
8947,0.9722336042063233,2,0
9197,0.7168236486956453,0,1
3710,4.352532139433078,1,1
5572,5.570636900088212,2,1
2969,13.92393844003032,2,1
2953,6.846682243987438,1,0
7227,4.351834767832434,2,1
3502,8.081630266286385,1,1
270,5.875371274684981,1,0
4500,27.755143892029807,1,1
6945,4.648925382271946,2,1
4031,12.881235531533417,2,0
2305,6.285659780887423,2,0
6225,10.387590193118864,1,0
1782,6.081443912832802,0,1
3166,3.357985875717715,1,1
8812,0.883780296172934,1,0
3205,2.883128803799108,1,0
6108,7.827500092544178,0,0
773,1.2465330382191953,0,1
3999,2.5542520427423376,2,1
397,10.868218438690796,1,1
3625,3.916278481960483,2,0
9296,3.7814140166162344,1,0
1182,8.213940165359952,1,1
827,2.3763808743630332,2,0
6094,2.8801629642845357,1,1
9301,9.119164581636783,2,1
3917,11.078331625230222,1,1
1713,6.807573694121753,2,0
5413,9.943080274598886,3,1
7810,9.05546712807748,3,0
9133,1.1241484664209556,1,0
8490,10.504536108317657,1,1
7855,11.210741015348935,2,0
3512,0.3984861329272473,2,1
5195,1.988328673957822,3,1
5006,11.34594672226333,2,0
5881,1.4693779276627161,1,1
5965,2.406408329663175,2,0
9900,3.275374496546725,3,0
8839,5.271317633306668,2,0
4225,4.884242551844427,2,1
7731,2.5280229609049734,0,0
718,11.223558934352106,2,1
4756,1.6653177528009215,1,1
2586,2.4069785905099046,2,1
2927,3.884171089216445,2,0
7848,3.9681629154525697,2,1
3899,17.020205725915197,1,0
2316,10.56760588581698,1,0
485,2.8153860639178876,2,1
298,4.1304801589376385,2,0
594,13.809069973095282,2,1
9338,5.619480959228521,1,0
4628,0.1952213094904973,1,1
9242,6.785592749786648,2,1
8912,2.0470440341606193,1,0
1634,6.263009283225731,1,1
9172,3.453522461081675,0,1
5243,11.073491452860894,1,1
7073,14.057773921702703,1,1
2626,3.2016996268599565,1,0
1897,7.033326812951758,1,0
8509,3.657902985835434,0,1
9712,7.0624955081392935,0,1
1012,1.0302264689610454,2,1
2119,7.103393995633033,2,0
9697,1.4014851710308558,2,0
6295,10.284107834223295,1,0
8048,6.537260469944678,1,0
3862,7.540949251353904,1,1
2268,9.177436962026297,2,1
7569,4.76446188029708,1,1
8761,4.224475251484184,2,1
1839,10.509613633798294,3,1
3415,2.5244768110949782,0,1
1225,15.649467190608538,1,1
3753,3.5396812035096117,3,0
2410,3.0693385091895746,2,1
9690,6.9322393616183895,2,1
9327,12.33174056410678,2,0
7209,12.68958229697288,1,0
5507,2.225178643419988,1,0
5427,8.807317651001114,1,1
2609,3.9140441178974386,1,0
2039,6.097173926100811,0,0
6322,3.032895597071876,2,1
1352,10.741104740025989,2,0
776,10.205721558122006,1,0
8882,5.719773826251673,1,1
1611,1.6761093176567141,2,1
3027,3.588874620230666,2,1
3549,5.552337744561096,1,0
9039,2.031714434218979,3,0
3667,3.5259471925999515,1,1
2456,6.203674178030885,2,0
4451,4.686503251891619,3,0
1730,0.5516438074711129,0,1
2256,4.0805638883685775,2,1
130,7.9709260824847465,2,0
4557,3.2092232813474038,1,0
3119,5.851723190881497,2,1
4959,1.7267690859192624,3,0
1208,2.3128370624984895,1,1
806,4.091109376831173,2,1
6016,4.122057512764959,1,0
4424,5.1356192041084565,1,1
1426,3.5801288145437136,1,0
1289,15.673550777221587,2,0
7322,9.909186646367424,0,0
3062,1.9246540732319484,1,0
2130,11.786785057801533,1,1
3514,0.481996934225126,0,1
9086,1.1672075885520912,3,0
9404,4.064905121457122,0,1
2928,3.9682186104719883,2,1
4231,2.484096273077256,0,0
3199,4.497038823484308,1,1
843,22.893154758968937,2,0
3424,3.051597235709647,1,1
4167,4.117540324441521,0,1
674,1.978500879275686,2,1
6665,10.972476998552603,1,1
5338,2.5049017825261948,3,0
3911,2.4481733597372917,2,1
8088,1.972170248269597,1,0
3706,6.932772411324082,1,1
9257,4.833237456093817,1,0
4041,8.271669221377675,1,0
8873,3.046523010982404,1,1
8115,12.210236427527606,2,1
553,5.512737942820788,2,0
1984,11.401387692059275,2,1
5109,6.603570224209679,1,1
4724,1.968904428077034,1,1
1711,5.576985975009261,2,0
9851,7.506270321809803,2,0
3060,5.860360076502536,2,0
5578,5.962424265877423,2,0
5968,3.8740680683123667,3,0
6398,3.279219633881091,0,0
8185,4.311554340156301,1,1
5830,5.713984012246435,1,1
9620,5.5857905595246935,1,1
647,6.870253197706575,2,1
2878,3.285255114891809,2,0
9629,8.886824444217307,2,1
3772,8.399588333759377,0,1
3767,0.3741052143836531,0,1
2714,11.989461809333134,2,1
4572,10.060623712200153,0,1
9319,12.858808286560695,2,1
1676,3.4121509459204384,0,0
5975,5.876676332192646,1,0
2910,1.4055834212909901,3,0
3910,4.418121145194965,1,0
1560,4.694289768390064,1,0
1476,9.093479478834277,0,0
24,8.340061423937152,1,1
8529,8.013339366409406,2,0
4101,1.1300596088951573,1,0
6424,10.724499368340831,2,1
7789,8.215178263278572,2,1
5154,3.5207459931984912,1,1
7777,3.7520102901295598,1,1
6681,12.281562672816593,2,1
2521,9.081616972606003,3,0
1202,7.088473354504941,1,1
5522,7.004683605930737,1,1
3472,1.5267860677719711,1,1
4404,4.8065274077046745,1,1
3280,5.004300029383995,0,0
211,2.431738676180174,1,0
6300,4.701256124255306,3,1
2984,5.600988408173059,1,0
6461,10.258767741436463,0,0
6904,1.6297085796344577,1,0
1863,3.1273094365658554,1,1
6832,1.9186829749134906,0,0
9343,3.8535100433982574,2,0
3389,4.7242195299631495,1,1
9445,4.624696687810007,2,1
8293,11.786333941357304,1,1
8085,9.115964122578278,2,1
7328,0.36621816791751816,1,0
3711,4.0950461657328745,2,0
2169,3.80705908962923,1,0
2629,8.349444348299555,2,0
8739,6.073790042839481,2,0
961,3.200055484650985,2,0
7828,3.574280181357435,2,1
6123,0.6103170512591302,0,0
8249,5.048955840183022,2,1
3203,4.4998861721227925,1,1
2296,4.9498498786028335,0,1
9207,11.253309300006428,1,1
8391,0.6451811935384617,2,0
8205,10.183808197912304,2,0
3419,1.7824575063922548,1,1
7083,11.946983953031868,1,0
1831,15.393000958639526,3,0
1111,6.388404985590687,1,1
7678,1.4649938532977682,2,1
2526,3.928478882923579,2,0
3478,4.022020977859341,0,1
2500,4.6971256829345585,2,1
358,14.056672035135314,3,0
3058,4.585937173863366,1,0
9170,7.895100708629123,2,1
8986,1.4519715851334676,2,0
1354,4.909336491297151,2,0
5008,1.5304312904779636,0,0
3349,3.3105277586140285,2,0
4059,2.5971698527158384,2,0
7289,3.075434696070382,0,1
8841,3.8123964565394663,1,1
906,3.852834984003844,0,1
7606,6.162279170778136,1,1
5892,4.824799681839305,0,1
6152,6.725795653567531,0,0
6181,3.1317143478225105,1,1
5831,3.9711722985519766,2,1
7096,4.564828478212479,1,1
1135,3.276489004794298,2,0
6504,12.316308508949657,0,0
108,7.735738507541168,1,1
6822,5.862403882575247,2,1
335,10.86668851989739,0,0
5248,1.564183258444799,2,1
4342,3.931740919899792,1,1
8231,8.450315885485956,1,0
1630,9.938037612882091,2,0
6499,18.87953905182495,3,0
6809,4.805821356285804,1,0
6259,4.082048016004338,2,1
8910,9.757382586921846,0,0
67,4.898013583354381,2,0
3362,4.395953065545328,1,0
274,3.0850002297457197,2,0
2162,9.917235856943364,1,1
1786,3.549809936999326,3,0
3148,6.397595591770769,1,0
1229,3.88289616119976,2,0
8559,3.1223434138669974,2,1
3903,3.654139642922171,1,0
3400,4.310777407515681,1,1
1878,4.7126363737169354,2,0
6552,2.889409250662534,2,0
9899,1.3908459724966562,2,1
3034,5.143816560329361,1,0
1541,2.5300791923791643,0,1
7584,9.268811294123346,2,1
4281,6.824972419443871,3,1
1194,4.610662832478835,1,0
8451,6.814059548694024,3,0
793,9.934836932955406,2,0
1203,10.84327909093285,1,0
1650,5.32086833047338,0,1
8826,13.5021427435876,3,1
3661,2.8692825985285033,1,0
8520,1.8170786714163207,2,1
8631,9.31934963095938,2,0
7755,11.01973326629295,2,0
3912,2.8763625207870627,2,0
5799,1.8658030875736027,2,1
9717,10.151107642415559,1,1
284,1.8720430611572976,2,0
5676,4.000905683266325,0,1
9481,4.42047259098691,2,1
4301,4.341725471026901,2,0
7994,2.75367087023647,2,1
6401,7.019165142394145,1,1
1056,7.428207291386663,3,0
4694,1.9253003962774653,3,0
9417,4.392290681211838,0,1
7130,1.7610073242152429,0,0
9989,3.918800654689235,2,1
9213,1.597701491408768,0,1
8518,6.203984290169989,3,1
7830,11.66593039924005,1,1
6085,3.04029361696533,1,0
346,8.442169782332858,1,1
6226,0.9210565249364318,2,0
5439,3.3488086612661,1,1
5519,6.869464132755369,3,0
2340,1.060816613225228,0,0
6393,18.37499619783982,2,0
2376,8.249131999392853,1,0
6786,17.0532156053533,3,1
4416,4.786789897798457,1,0
2968,3.335505123002209,1,0
1032,0.6794144470172223,0,0
3907,8.304046912446324,2,1
1717,8.999426958914754,1,1
2739,6.275745361068225,1,1
5721,8.738584745485282,2,1
1972,5.94071224606752,1,0
4764,1.6855894317358908,1,1
5792,3.7977020800940426,1,1
8368,5.135815002370785,0,0
1928,3.7373978473963843,1,1
9430,7.301456309395162,1,0
5915,2.121257443710228,1,0
6206,2.5263918550503695,2,0
8010,3.4831235834224774,0,0
5908,4.816467082728369,1,0
7052,2.0261807000691707,2,0
9864,8.766969553837871,1,0
1216,3.9367316255720977,0,1
1978,2.460245315652033,1,0
5547,12.238914132680767,3,1
294,2.8797017949505537,1,0
8802,2.169340466562815,1,0
3421,4.443210270520929,1,0
3281,1.0866496344372465,1,0
2602,5.321442369362352,0,0
1855,2.934769300770876,2,1
1649,9.425423528192916,0,0
7974,1.2971081935463924,1,1
9002,3.0156032681793956,3,1
9492,15.365467992117345,2,0
5004,8.21570491666511,2,0
5113,8.141576684323683,2,1
1293,1.7348578806926265,1,1
2009,2.8279250460578376,3,1
3367,2.602698345660925,1,1
5032,8.76183296622736,3,0
38,3.2643049025602955,1,1
7891,8.171102489708355,2,1
1469,2.2831958833583736,2,1
666,8.552911871871547,1,0
3210,24.37488675666237,2,1
4288,4.679328186140573,1,1
3762,2.244775098307604,1,1
8925,4.491127211964336,3,1
385,0.5015983320948209,2,0
2008,0.9889364887504627,3,1
9553,7.919107278083493,2,1
5313,5.250798417572426,1,0
4182,8.029975063885946,1,0
5188,3.590871983112231,2,0
117,1.1285991740595658,2,0
8328,11.355181571297058,2,1
5272,3.5657558831437135,2,1
2530,3.1115276825548275,1,0
5730,6.993310077163179,2,1
7092,1.1615206236520594,2,1
9574,0.6119207911974914,2,0
7621,3.4096110699730677,1,1
5768,2.0525675672887345,2,0
1344,1.6907664541933014,2,1
9506,3.1680087493892355,0,1
9206,2.678612329649953,2,0
7533,1.9597746635456308,1,1
8862,15.006372098706985,0,1
2607,5.445615597236609,1,0
8443,4.869355532436781,2,1
6951,2.529944193463168,1,1
5476,7.057584201622259,1,0
1533,7.720301748265052,2,1
6750,3.768128587842165,3,0
5244,4.162328416725279,0,1
768,7.595896075462792,1,0
5910,3.369311422664599,0,0
5976,12.496893382747595,1,1
6738,4.1186859169703265,2,1
5790,8.082442988077801,2,0
2531,8.96192417539702,2,0
5146,5.121275649350044,2,0
6347,3.199023191603602,3,0
3252,3.6607724396347465,2,1
8090,3.136280428551566,2,1
3905,11.275009118520583,1,0
4023,2.8036702703779537,2,1
7054,2.9944500384883086,2,0
8041,11.157664361749466,1,1
6066,5.409602371093209,2,0
5044,10.281801002519263,1,1
4821,7.29952812416395,2,1
8323,1.918065461168394,3,0
3535,1.4908020550210832,2,0
5852,2.541881024950902,2,1
9870,5.361298590298528,3,1
1609,6.387837023872782,2,0
5602,4.619979786076558,0,0
5963,9.366053888204194,1,0
2271,10.881485927884459,0,0
7918,4.276659778378389,2,1
9093,1.216012064202939,2,0
5133,2.0467847809731206,1,0
2917,7.9114966354774765,3,1
1446,5.863750786505095,1,0
3499,5.4428700768443345,1,0
1161,1.6057826707016103,1,0
2168,4.050154478112779,2,0
7572,6.200059826191896,2,0
1536,5.945993902639529,0,1
4109,1.9239362001824953,1,0
9423,18.313874638717355,3,0
7977,11.961122624250256,1,1
3564,6.317337584159748,2,1
48,4.196557835403835,1,0
7352,1.924028368261013,1,1
1873,10.62255723569226,0,0
6707,5.477070315085317,2,0
325,3.540340625452612,2,0
8161,1.202132250120179,1,0
4663,4.612616014436005,0,1
3257,5.046812870588274,2,1
966,7.7820408080866175,3,0
3566,2.865035274645948,1,1
8133,2.241481205846302,2,1
8432,8.75441235494104,1,0
8566,2.156066439653416,2,1
5853,7.881094410658304,0,1
6994,0.9286709819502172,2,0
7908,12.857479972121704,2,1
9817,0.8450046659283126,2,1
1697,3.1173331166837652,1,1
9827,4.172176124467722,3,0
2355,6.213379168026748,2,0
393,7.044913876894234,3,1
9796,8.292800435936856,0,1
8569,5.666076588307195,2,1
9587,1.2162904965759058,3,0
372,4.692651043156997,3,1
2551,5.219495893162914,1,0
8687,4.875016082720509,0,1
3807,1.4629875598668913,3,1
6487,7.171533564592797,1,0
9912,4.18279751295189,1,0
7264,3.536599958336015,3,0
2776,1.480848541324126,3,1
2153,9.869058011294024,1,1
4667,19.31377878950435,2,1
2486,8.179273444070535,1,0
8296,3.1198772690925076,3,1
6466,6.742863986321014,3,0
8227,5.439561281791604,1,1
6230,5.184625689221928,1,1
4326,7.3196288521285435,0,1
7387,9.888687390068542,1,1
8856,3.265738680779576,3,1
3525,5.185083800652188,3,1
8830,8.106176367188956,2,0
2070,0.4198052786314097,3,0
8711,5.472960822208865,2,1
7784,3.888665758965032,1,1
4097,5.155393548631315,1,0
1637,11.276181964615978,1,0
9062,3.126483097054567,0,1
8119,7.117782687638499,1,1
25,5.593506723071211,2,1
2765,1.4105226366844297,2,1
5070,0.6200307350160997,2,1
1744,-0.02241854462364347,0,1
4434,8.720999978747379,3,0
1907,3.268853048002186,3,1
679,5.818319475246124,1,1
2561,2.803735023750031,1,0
8364,2.1056445415019938,2,1
6097,11.374764139432383,1,0
5490,1.5945859267191373,2,1
2961,10.887386562845771,2,1
7397,8.555757214872083,1,0
7739,18.643440967183555,1,1
5279,1.0033037537795932,0,1
1758,9.708451372168831,2,1
6900,8.15692228498867,2,1
950,1.3888352526653445,2,0
1433,6.067559151704595,2,1
9070,1.6489300075210185,1,0
2933,11.361886330805998,1,1
4269,12.560431046710246,1,0
983,9.707754468526893,2,1
148,2.872504845972503,2,0
9816,2.315098570623555,1,1
587,15.118882405705822,1,0
5386,0.23643813007063924,1,0
8027,7.711027771034368,0,1
6802,0.2988634371289054,2,0
9649,4.214591277635588,3,1
7765,1.4747142001008873,2,0
2206,5.111027555399046,1,0
6592,7.167986104610888,2,1
7442,0.6235468142122605,2,1
458,3.4989305391732417,2,0
5348,4.748093437495234,3,0
1038,9.371547317587437,1,1
398,7.566796812641982,1,1
2630,8.080051434681497,0,0
2483,1.2780980580117938,0,1
6373,17.080752689049678,1,0
3010,4.671061482067461,2,1
7134,7.962906623960105,1,1
3545,2.801252696904865,2,0
245,17.981119925714673,2,0
5541,3.3511384391119736,2,1
464,6.107236202135715,1,0
6203,4.1734291786093145,1,1
3938,4.21875358743124,3,1
3974,0.8309028564621961,1,0
9469,2.604708085537686,0,1
7663,4.632042827396402,2,1
6236,11.610169456612503,1,0
5180,3.626044645479702,2,0
9711,6.374905228883973,1,0
2439,6.383439116167238,3,1
8516,4.964904922389087,0,0
956,10.646894219169727,2,0
1632,7.913394492065018,3,0
4125,3.133028542432139,1,0
4627,12.279431122472118,2,0
3265,2.1764043291268305,1,1
3120,8.706030453989069,2,0
8737,2.1880788767296138,1,0
9456,6.0041314354164275,2,0
4822,7.7013839214507405,2,1
3038,9.992213243967841,0,1
4882,11.620863197477538,2,1
27,3.9221443049504225,2,0
4318,13.954955341817676,2,1
7542,14.66011524667365,3,1
3181,4.2794128667136615,0,0
8461,3.8502411737857636,0,1
5818,2.481075799536419,2,0
7920,2.8339938594480474,2,0
9010,4.6869017204773975,2,0
4178,3.0241480385639337,0,1
6600,2.26230830709643,2,0
301,8.53333140717416,1,0
6287,4.7411485014625185,3,0
1998,5.032948852039507,0,1
4619,6.595458424893637,1,1
4055,3.1943301463090923,1,1
6765,8.43964214853656,1,1
2489,4.7355084192448835,1,0
1494,7.76697302962511,2,0
6640,13.22137982151552,2,1
8125,5.718816603481267,1,1
9183,6.9899690204916265,3,0
7186,3.784551204105434,1,1
1879,7.124882314239917,1,1
5079,9.589453735294668,1,0
6359,5.093949022656199,2,0
970,16.03273814901334,2,0
4486,7.6236186662079835,2,1
7297,20.57180500456922,2,0
4592,6.55915978379007,1,1
9954,14.979108395002632,2,1
9279,9.247189161891013,1,0
2232,5.735692800111145,1,1
9691,12.678813100710066,3,1
3773,3.0245983597536545,2,0
5819,4.605874049904303,2,1
8226,8.145081937556343,0,0
8383,3.8965276086575877,2,1
543,1.5504395238302715,2,0
391,1.7780867572494932,3,0
6697,1.9913101087964846,2,0
2455,11.691854065897267,3,0
4397,4.623098341476599,0,1
1806,7.9452857935232135,2,1
9193,3.471350476009888,2,1
1071,2.8603230827752504,2,1
1909,17.810522062278135,3,1
8874,5.622576322585594,1,1
6629,1.0442003988769124,2,1
3995,2.7997463339132826,2,1
8216,2.528466947242164,1,1
8243,6.5870502613476845,2,1
734,4.3525337491112115,1,0
6860,5.940128022650166,2,0
2382,9.895418084749885,3,1
496,6.410426901963879,3,0
5709,9.102807230235245,1,1
125,10.292575291345226,3,0
6679,9.094995921953732,1,0
9400,15.625712409175055,1,0
9777,5.216971461827027,1,0
2102,4.390156578084904,1,0
2791,8.388537734561,1,0
1003,1.1128790089871474,2,1
3260,10.232372336078614,2,1
9042,8.241720113373713,3,1
2013,6.474547442294913,3,1
4670,4.875253557479725,2,0
4965,2.6600612193818023,2,0
5105,3.400474733705137,3,1
9244,3.850501193077947,0,1
5263,3.5113653825771007,1,0
4261,3.5923672877713058,1,0
3230,3.171784213008989,1,0
6638,4.471420661567093,1,1
7499,0.8891727317585615,2,0
5664,4.070127477125602,2,0
1682,5.131941708334285,1,1
1342,8.846865860538955,3,0
622,10.04587928706142,1,1
7556,20.32076793851339,1,0
6405,0.3959355994992756,1,1
7161,5.205476195515284,3,0
4098,1.2658666853539438,2,0
9075,2.0492823431994456,0,1
9106,19.47848457955319,2,1
2620,14.142886062108364,1,0
110,1.7935629644876712,3,1
7476,1.073757443380937,1,1
6565,7.204800573685711,1,1
9732,8.161368231876645,2,0
4107,3.4275932446370927,2,0
7899,1.5122263386571881,3,0
3595,11.598212557364404,1,1
9961,10.908165217566864,1,0
6355,1.8690651954017499,1,0
3622,1.1971368261993576,2,1
4888,1.5990902008623717,2,0
265,4.496823171622142,1,1
6246,1.7369711433097765,1,0
4550,6.015037649043494,1,1
2029,6.329783161338227,1,1
8246,3.4437579240659955,2,1
1899,19.8750288065454,1,1
6376,2.02131629498247,3,1
8677,2.732268359047693,3,1
2339,12.202078035956161,0,1
5588,19.733208950327846,2,1
4809,4.150081967088103,3,0
5457,5.084384495177422,1,1
5556,6.409248413276961,2,0
5,8.600118692892666,2,0
3691,6.469692491623239,1,1
1172,3.7322019373783233,3,1
9658,10.012870835209585,2,0
3429,5.417215900275874,1,1
2205,0.40857680156724596,2,1
5433,9.921866194270242,2,0
5226,1.0615726122213653,2,1
97,7.068820712304328,1,0
6402,6.38038367791259,2,0
9917,6.831097073260677,1,0
5875,4.136635014426717,3,0
7126,1.7493128505136537,0,0
9420,2.287938337232832,2,1
2849,2.2723634368248073,1,1
930,3.75312811086179,0,0
9092,2.5202655683936612,2,0
5505,9.948748579635865,2,1
4428,17.204621932658423,0,1
6020,18.20065450593603,1,1
6055,5.664792790349942,2,0
6119,1.7614343676702915,2,0
9140,5.338412078182518,1,0
2682,7.3515317922756305,1,0
7501,8.210052587144645,1,0
4844,4.005957751117913,0,0
4990,6.98389968914802,2,0
3277,1.0367943220309015,1,0
3261,4.248390602373542,1,1
1834,1.9096565067079663,1,1
4682,3.907244681466892,3,0
6899,7.652516291679987,3,0
9459,10.57501284620386,2,1
3587,9.703716566954855,1,0
6140,2.7753010926721955,2,1
8344,4.894620498472081,1,0
886,1.4455652224914892,1,1
8501,5.026867309619509,1,0
6730,5.762226363973875,1,0
6475,4.864541517826554,1,0
6664,17.411815351727512,2,1
6716,15.366121201919835,1,0
6512,3.855757832387368,2,0
8051,9.10772110868115,0,1
8398,2.9808075362622706,1,0
9693,5.148762926499492,1,1
3193,6.963167945675038,1,0
3455,6.262645710040319,1,0
6210,1.3916717321201624,0,1
3824,2.60496797694567,0,1
3495,4.8702797291533955,2,1
5791,15.97600070921744,1,1
7815,6.894767414135858,1,1
2583,3.0833126141420464,1,0
7242,5.344796450114317,2,0
5789,3.4549624954919387,2,0
9284,8.402811011882724,2,0
9220,2.7811734170574454,2,1
6441,5.157934205765114,1,1
1675,11.238041937666656,2,0
7434,2.798152898360115,2,0
3090,11.14449335579156,1,0
4295,0.6298979579433993,1,1
9025,15.5859829724686,2,0
6470,5.27719079751114,2,0
7420,8.649467350045652,2,0
3764,3.681716035846735,1,0
2528,4.190135140099225,0,0
1457,6.88837440105614,2,1
5987,4.525312605874477,1,0
4485,2.1422243093165503,1,1
4765,7.512078124828344,3,0
7524,8.460631981198004,1,0
5134,3.355118177815939,0,1
1284,3.5554473488093197,3,1
733,6.352285072673519,2,0
1213,0.2944911482493263,0,1
5794,7.734204224501932,0,0
1410,9.81151215857631,0,0
4074,6.218910462706544,1,1
179,5.4683117217546675,2,0
3934,4.729221747577451,2,1
5518,2.746988036217819,0,0
2627,6.231636580169263,1,0
6651,1.978672645661009,2,0
5845,2.7885196576052693,3,0
8012,2.7490852492370164,0,0
1937,4.767434578303421,2,0
3991,6.153831875388114,3,0
8260,4.080605627874071,1,1
8496,9.976286679084122,2,0
6274,7.557768905318454,2,1
3191,8.11758680037911,1,1
5284,3.8870613488818604,3,0
6305,8.112082968245515,1,1
8317,3.507385327516855,1,1
9328,4.728834911074106,1,1
882,7.176237580697089,1,1
2699,2.2719814855447225,3,1
2713,3.2494219344131396,1,0
9771,0.9128684437388159,2,0
6150,9.500375064647564,1,0
8381,5.686998525052469,3,0
5767,5.508350550614487,1,0
9403,8.01025521490811,1,0
6252,1.572978731851916,0,1
3220,0.9145780091040945,1,0
3763,4.525777562297047,2,0
4412,7.550923518568878,1,0
6947,4.22874447894144,1,1
7664,6.842715641920954,2,0
9444,2.1092210300093615,3,1
658,14.436745921773294,2,0
5653,6.396568651728176,1,1
3687,2.697754784231205,0,0
775,2.7305725238264924,1,1
5330,6.182157900669035,1,0
2473,4.7697557254387855,1,1
9696,11.440084380513621,1,0
4348,3.344998074291316,2,0
4588,4.11528330376996,0,0
1772,2.0442688244135017,1,1
5238,3.593777126457848,3,0
4567,4.665482165781556,2,0
3540,4.688150566096772,1,0
8653,13.072700976826743,2,1
7048,15.627867259621322,2,0
3703,6.965467349729112,3,1
4768,14.482833678674341,1,0
7986,5.641021731208486,1,1
9564,5.773879114227783,1,0
8459,13.545463650984264,0,1
276,12.282022048318437,1,1
154,2.729502286566947,2,0
1852,14.036588181270812,2,0
2735,2.547296193063424,1,1
4910,3.2801335965581844,2,0
4816,5.425209252206377,1,1
3016,1.1907241537272149,2,1
3484,9.608672927606833,1,1
3460,4.413272206450337,1,0
2380,0.8285230282882539,3,0
5061,7.796098546761883,1,0
8924,1.985965799349291,2,0
802,3.7155511203905385,2,0
556,0.5715711574612218,2,1
4637,6.097167560089767,0,1
275,1.1281055662264652,1,0
1915,1.4041495266791753,1,0
6727,2.1830916104872986,1,1
6283,1.0947805270395108,1,1
8192,5.291379347540237,0,1
7074,1.756028403239792,1,0
499,4.7727940532772015,0,1
8404,8.542748363622609,2,1
311,5.085830063665442,2,1
9806,9.117380247072768,1,0
2151,7.512695255962722,1,1
1701,8.19137808925344,2,0
9578,5.7339023003432095,1,0
5560,4.0892793604117905,3,1
2159,3.85361826841332,2,0
2117,10.949419827576389,2,1
1699,6.351809899646484,1,0
8160,4.012546627314644,1,1
3291,18.289166306841437,0,1
5555,4.780379402596615,2,1
9621,2.3574067056372314,2,0
3046,8.920134751908252,1,1
954,5.6282653152397835,1,1
7520,8.900867939038132,2,0
7195,2.989268720941697,2,0
2260,12.766117113643787,1,0
5998,6.594757035374123,0,1
6500,5.778765884536004,3,0
5023,8.03184079026814,1,1
9974,0.688100307006601,1,1
684,2.8469619900965855,2,0
4985,2.6747453990064867,2,1
6494,2.1402445759529196,1,1
5095,14.614829195741592,2,1
5745,10.199410438829114,1,1
6509,5.177213653158045,2,0
32,2.8098195879346717,1,0
899,17.951568164691377,2,0
1854,3.692477729006988,1,1
8366,12.77334622203968,2,0
7477,3.947472586139356,3,0
63,6.733816626095304,2,0
1318,2.8374005537845135,1,1
2369,1.1733878278028238,2,0
6127,9.151396858624999,2,0
8045,6.053247419438465,2,1
5123,1.909534614366025,1,0
7,7.4094434202936394,0,0
717,3.771943327602639,1,1
9810,1.1459825427910657,2,0
8406,4.020702132527523,2,1
3846,5.794223616607054,1,0
9709,3.0011564769627492,2,0
8374,4.899489998777211,1,1
8463,9.471624730337975,0,1
8417,9.753725875013124,2,0
2287,7.700358245327512,2,1
7989,5.920393730124147,3,1
2794,1.6927490697046275,3,1
6740,6.37005548514013,2,0
9604,7.163167781734667,2,0
1138,2.3432802690150676,2,1
5530,10.555166413535535,2,0
5137,6.436749789434499,2,1
6281,3.7269540818548843,1,1
6024,10.5421965268734,3,0
1569,4.699772275899652,2,1
2883,6.113682117671863,2,1
3405,2.985209999848707,0,0
454,4.7483628315479915,0,1
4586,14.33214027106902,2,1
8851,2.461415650695361,2,1
9210,9.435522188067146,2,0
3255,0.9496715271358894,1,1
5403,3.5954847868264728,3,1
5231,6.579199778304322,2,1
6725,2.761051267978659,1,0
5650,9.970281352437265,2,0
5050,3.6757267389772474,2,0
5073,11.224103216059001,3,1
7547,4.10068487762924,2,0
9677,6.041890159197276,3,0
2994,3.233977736667851,1,0
527,5.432872612042908,2,1
5704,2.5061382743269,1,0
3287,8.736659407287354,3,1
3285,5.098962579086127,1,0
9828,7.9836162154496275,1,1
2667,1.83495269639953,2,1
6454,5.370134870011208,1,0
5369,3.3286189917666693,2,1
6771,13.235674825223123,1,1
1230,4.897256127081089,0,1
8369,6.755727385643172,1,0
1613,6.420737875292799,2,1
5217,12.761343474243064,1,1
4481,3.915430825354775,2,1
2944,6.977388661249011,2,1
7773,6.911000685191783,1,0
7435,2.7571943614949,2,1
8302,1.4842586114243788,1,0
7811,16.165825585554458,0,1
1498,12.844868577754195,3,0
3552,12.28251917041731,3,0
3452,0.8901062107585698,1,0
1661,6.309145465404885,2,1
7279,3.509342962569012,1,1
7538,4.154537855419102,1,1
8747,3.3601557104057354,2,1
488,2.999258877858353,0,1
4922,12.72781175401305,2,0
9231,5.887504382892734,1,0
6192,2.477845731906908,3,0
9551,4.308064364790255,2,0
8004,1.9614563309701913,2,0
5037,8.00925680215531,2,0
5977,6.292486821573055,2,1
6836,3.968357041080505,1,0
8756,11.185717379844967,0,1
2418,3.491730940514939,1,1
7115,3.8197120640298534,1,0
4848,11.154858171662562,1,0
4276,13.111739253618943,1,0
5913,11.582190768986207,1,0
3616,4.243599011221892,1,1
6167,3.6208240350584844,2,0
4449,2.9671077120856992,2,0
811,6.076220906065951,1,1
7305,7.042316528814972,3,1
5446,4.736044368826073,1,1
8278,15.765686343775347,1,1
1527,1.7357323821886166,1,0
2650,7.131968462560081,2,1
6758,14.752633590539729,2,1
3440,8.948826484349068,1,0
9565,4.112199847129396,0,0
7003,8.471348789814297,2,0
4895,3.9183055379378238,2,0
2618,7.29082971257953,0,0
976,14.982188119212378,1,0
8971,2.075555658278726,1,1
2438,9.530839555866745,0,1
6502,10.450715947526273,2,1
1047,3.799357932985791,2,1
8976,7.285286294655652,1,0
569,1.9374997673407774,1,1
1575,16.594618287717857,2,0
4785,5.822735578827753,1,0
2146,1.0031590456170554,2,1
3473,5.222994936225112,1,0
4032,1.9358511871044197,1,0
6323,1.4801806474545336,2,1
1980,16.6348801699407,1,1
9584,2.977055473895104,1,1
1369,7.0598934285071575,2,0
5240,9.732427812123072,2,1
379,4.46147553022974,1,0
4685,4.911861147946704,2,1
3142,2.0467630582196334,1,1
8294,0.7552843186901654,3,1
5771,5.759070977817272,2,0
9642,4.80696751065478,1,1
3312,1.7073486211982898,3,1
6518,7.470543740920004,2,0
4365,2.147418129799403,0,1
1639,2.0517657797153186,2,1
5063,13.53064607417983,3,1
4159,12.156691959475753,2,1
9238,6.954848531315234,3,1
2729,5.012201004755548,2,0
952,2.7076496022450387,1,1
1917,4.200069046652851,1,0
9943,1.674127835165774,1,1
1386,3.322993194176718,2,0
8940,13.242586149139791,2,1
8668,1.0667131741116798,0,0
8067,2.415182133491961,2,0
1578,1.1260234197084493,1,0
6645,4.384627854644431,1,0
3640,5.411817224075449,0,0
8371,5.99043601858147,0,0
8150,1.7047190696404797,1,1
8037,2.767775824614191,2,0
5012,1.9609992700120533,2,1
509,8.798442797240877,3,1
9930,2.8565560687277514,1,0
2014,3.2117705173037985,0,1
4004,17.189147793146468,2,1
2750,0.391212133653822,2,1
5143,4.122206080672026,0,1
1779,3.1314521205656383,1,1
9215,2.837011422362603,1,0
8361,2.5800826288441527,2,1
7997,6.951798643229306,2,0
5019,14.109911923005747,2,1
4307,6.081861246056201,1,1
1704,8.643116994286972,1,0
471,12.905485777058576,2,1
2832,3.9671369169828217,1,1
8266,11.074616718052955,1,1
5930,5.674510216239826,1,0
7689,7.20639838859162,2,0
4599,1.1395773447666668,1,0
918,2.7987593301144456,1,1
5617,6.413712455372419,3,0
6898,2.4560883705775383,3,1
7670,6.6935438949157895,1,1
4493,3.1897752888664126,0,1
1339,4.019955392838853,1,0
4296,2.4073854265467487,1,1
2702,14.183061635721486,2,0
8694,9.60019726712745,2,1
623,5.9830185618804395,2,0
1821,3.865339857815298,1,1
5357,11.605244590175117,0,1
4612,4.244405076022537,2,0
8869,1.3693991078295218,3,0
5265,2.9884158227787885,2,1
7895,3.1577363113016212,2,1
7005,10.010360435522838,2,0
9115,3.79754377626941,0,0
1009,10.432369774538445,2,0
2078,6.152968778650287,3,0
3831,3.513791636638693,2,0
3018,1.7191046455115342,3,1
144,4.568662125824423,3,0
5067,1.793987014863378,2,0
7142,25.471658929497973,1,1
8018,0.48033866093708355,1,1
9508,3.005477028284124,2,1
7494,5.293747608330738,2,0
4082,4.220385694347097,2,1
102,4.008559514416791,2,1
2047,12.899862836226832,2,1
8047,3.6425476969980006,1,1
8003,5.401602816358754,2,1
5939,1.8731215212631338,2,0
6660,3.4097370973489745,0,1
3666,6.888048372696769,2,1
2034,11.181290660508715,1,0
5907,3.802122110091078,1,1
4752,2.6900367733219164,1,1
4687,3.40563569919077,2,1
6954,4.634874840367677,1,1
5551,5.088966031671622,2,1
4340,7.075778362460923,0,0
6308,4.717493826246835,2,1
9446,10.213221306557593,1,0
5169,2.689603232240491,2,0
296,5.190287637279297,2,0
9710,4.527194822823242,1,0
4277,4.883705149120026,2,0
9990,2.857000282978397,3,1
6462,3.772953155272452,2,1
8112,2.484439055147728,1,1
2599,4.751445419773394,2,1
7887,1.7013407075053948,1,1
8717,3.815042767589497,2,1
3020,4.000368742801899,2,0
3921,4.522609819584526,2,0
3376,8.809073420295853,3,1
3133,1.1815253356615587,0,0
1102,6.648003046106962,3,1
8645,2.4569583264457635,2,0
6238,8.466324456159194,3,1
7432,5.199791458214229,2,0
4553,8.889768826478806,2,1
2163,2.3895645132514947,3,0
996,2.640459745270199,2,0
5048,5.074611430842433,1,1
998,3.4148104193415794,2,1
7990,3.8230982637121667,2,1
3385,5.036024219106811,2,1
9572,1.1817200606817928,1,1
4189,1.9309984943657028,1,0
9124,5.215429177204129,2,1
1179,8.595933719345016,2,1
1378,1.3010287666405782,2,1
1074,18.10261829363732,1,0
9376,7.755659666276184,2,1
5159,3.75020863870582,2,1
3042,14.105209565645634,2,0
1152,9.748398233603673,0,0
5487,11.62339782569402,0,1
2322,7.067980131960042,1,1
2576,14.620790109317918,2,0
5376,5.150156392534971,1,1
4997,13.671576365875307,2,0
4268,8.392670941288166,1,0
241,1.0011612154789176,2,1
9094,1.2970377124187564,1,0
9880,2.6075077624487117,2,1
216,5.095529512638949,1,0
3438,7.30022119514361,0,0
9196,2.293759322341164,1,0
5277,1.8710980601568865,2,0
6710,16.038826922056458,2,0
8825,8.76518798836107,1,0
4087,4.071552531701254,2,1
7782,5.736309439696499,2,0
3736,2.4805640170930237,3,1
474,2.0321383414387,2,0
9325,3.7959792860868116,2,0
6789,0.6539684396402579,2,0
6184,12.731726258472506,2,0
7745,6.816008583998699,2,1
8978,13.492221787880684,0,0
3228,1.5500555024961975,2,1
5500,9.967653617641757,3,0
8897,4.482301897508524,0,0
2020,6.927997990282728,1,0
5253,3.2984280394866174,0,1
2037,11.431548773217147,1,0
4193,2.5689423068491473,2,1
7030,6.6791137438099,1,0
6272,3.1576038919882765,2,1
9007,6.498691130132418,1,0
3049,7.898287368152372,0,0
9090,3.4232282546247332,0,0
4299,15.082722884290645,1,0
7067,4.9753850554263614,2,1
4835,10.85664108171315,0,0
1795,10.223481973872142,1,1
7271,4.183605929983722,1,1
999,2.66913968389942,1,1
9571,3.2900503838604873,1,1
7808,8.641583619268783,1,1
7797,7.351066577537194,2,1
6808,11.288651352450858,0,1
8950,3.453564090853232,1,1
9911,0.34458916647801463,1,0
2251,3.6417113975947437,3,0
4863,3.659075037903477,2,0
5733,6.84103057919865,1,0
7769,0.9021075588658979,2,1
3757,2.9975795998058454,2,0
1580,1.8405248622802663,2,0
5593,11.520465884520092,1,0
4950,4.424642461646302,2,0
6445,7.923073902720644,1,1
5090,1.7218288090273475,0,1
4003,21.78148427371713,0,0
8171,4.754696159500638,0,1
4345,0.62602856329005,2,0
392,3.2312433011911494,2,0
3093,6.6332568297968155,1,0
5889,22.47407073489874,0,0
3488,4.639565197576576,1,1
6641,10.19209154669802,3,0
2445,3.6934737082610725,2,1
1162,3.441996716204546,2,0
2059,10.392985363263964,2,0
1833,18.112095449390914,2,1
3849,8.932163332453381,3,0
221,2.4773688339878577,2,0
552,15.721124532543126,2,0
5049,10.616777149274427,1,0
1144,1.3890145777812966,2,0
4456,5.9670825955467075,0,0
9348,1.652069016810799,2,0
2367,7.139837813473466,1,1
813,8.420371689386574,1,0
9795,6.163886846899343,1,0
6386,8.231429913637847,1,1
9470,8.017885359568826,1,0
446,6.521780361447986,3,1
9451,4.123302647714835,2,0
6196,3.1318285631924296,2,1
423,9.853301423660703,1,0
9705,12.14650527525161,1,0
7982,6.808982362293321,0,1
6103,7.533618517713384,1,1
6694,1.3892154597570543,3,0
5216,1.4539456087134934,1,1
8948,6.354146310196626,1,1
8379,5.307099028481318,2,1
2764,8.309145320918878,1,1
6249,4.137941876656969,3,0
9148,23.314743568649924,0,0
3207,4.032916523828118,2,1
3124,12.864595323875735,3,1
7288,5.170744167428005,0,1
1124,4.18625644945958,2,1
6524,3.733690277206545,2,1
2691,28.790711099187682,2,1
8453,2.769795336752427,2,1
5235,11.97151971154556,1,1
837,3.506431562613336,1,1
6117,4.261043621551639,0,1
4744,1.988146493298713,1,1
9877,3.065082263315075,2,0
3746,0.39042343844129695,3,0
5633,1.0536185528311106,0,1
9452,6.0377585442557,1,1
6488,4.991435106328835,3,0
824,4.382703901371177,1,1
9608,6.24377173146204,2,1
5156,12.617454005117583,0,1
6256,1.4968205907050678,3,0
8568,5.002714809185294,1,1
1384,4.998974910290792,1,1
9051,4.700880046746328,3,0
9030,4.599778645167771,1,1
2213,2.93571337751317,2,0
2030,10.140752824226487,0,0
7839,1.7194815786919784,1,0
5237,9.802204649570138,0,1
1075,2.21762242404725,2,0
8682,1.7156979531656738,2,1
2550,3.166533489449589,1,1
2738,11.593069736787033,2,0
5971,4.919722267204527,2,0
9154,4.814510812589568,0,1
5116,2.821779998645873,2,0
9944,2.24675357820225,1,0
4719,6.833126072858223,2,1
2016,2.3708206433075607,3,1
2930,2.4989279037855265,1,1
7273,12.101817098772338,1,1
244,5.361519766493505,2,1
7093,12.016101978588313,1,0
9624,9.974875329570931,0,0
7680,9.394887614707601,0,1
9405,6.732866396286866,1,1
3720,10.498109209237482,2,0
6453,15.023172266373178,2,0
2915,1.4305983663781547,0,1
9114,12.128070610791488,1,0
326,9.189604718185466,2,0
1050,12.487381807408962,2,1
8767,5.05379431295264,2,1
536,1.4999588317901424,2,0
2598,9.587306937794445,3,1
7767,0.9264853048412586,1,1
9573,4.490525188333995,3,1
4706,16.686220477350723,0,1
9782,3.487462751754969,2,1
5042,11.177751312525126,0,0
5126,8.953609372820944,2,0
9593,6.672762494360287,0,1
133,20.289596594673462,2,1
4328,2.9008425877986306,2,0
2318,6.00429421694372,1,0
7716,6.357704791832877,2,1
6636,8.228731672232136,2,1
6976,1.9701018221028885,3,1
690,18.759374176336095,2,0
2247,10.193726760421312,1,1
1525,7.488149235243672,3,0
1500,12.11499634411619,2,0
9548,5.045038256660204,0,1
4036,2.197780554315789,3,0
4961,10.894894695360833,0,0
6594,1.1866373537814785,1,1
6926,3.9769810829806116,2,1
8672,1.58379892590477,0,1
6165,0.7015039750798939,2,1
4374,6.100545962904308,2,1
3174,6.428272455656089,1,0
4126,3.8861237390276906,2,0
5117,6.319769533966419,3,1
5827,7.209543132778666,2,0
2704,1.6083776852347365,1,0
8578,8.483022205446765,0,0
456,9.485428518119209,1,1
4187,4.615317364541115,1,0
1893,6.737274576616208,1,1
9047,7.256991890986921,2,1
8972,6.514771167255442,1,0
6493,4.54405963239695,1,1
2044,2.9964448395354375,1,1
4737,2.5910171337585632,2,0
8030,8.695611927559955,3,1
1249,17.225522664791868,1,0
5469,0.4130639776263031,2,1
6956,9.577917118307381,2,0
3885,14.050764320774936,3,1
4070,6.600788332322105,2,1
2935,4.05807011353132,1,0
8556,3.804089050198743,2,1
4192,6.17972704464503,1,1
6291,6.52197534083163,2,1
8017,2.963318897439763,1,1
308,7.903471517542429,1,0
5944,5.493873880027317,1,1
1373,5.048376583728508,2,1
6887,9.100463804575151,2,0
8836,5.477164665638311,1,1
6298,17.992864769013444,0,1
7317,2.100227871182632,3,0
4360,7.03889457667686,3,0
648,11.066481310832748,0,1
8855,4.73182177106611,2,0
8804,5.459777474636642,2,1
8905,8.566779519112192,1,0
2724,4.465430678236883,1,0
1999,5.443866984856093,2,0
8149,4.3413826623259375,1,1
2139,14.428051099701987,3,1
861,13.674884251125974,3,0
7859,0.6387313746617868,0,1
8287,6.004897112494699,1,1
2496,3.3389977167605913,2,0
608,3.7235379615708184,2,0
1461,12.542551262417211,2,1
2516,1.9290360640318256,0,1
1014,7.14041606192297,1,1
407,14.768516455110436,2,1
1218,7.643398461332512,1,0
2327,0.7027208812153252,2,0
7189,24.931934356640767,2,0
2661,3.893717296998142,1,1
680,12.362651610999773,2,0
2959,6.499656609175085,1,1
3756,9.200067421389088,1,1
8096,4.451391802394793,1,0
1259,5.710780948328736,2,1
6837,2.385857798614863,2,0
7493,15.47341517907318,2,1
810,4.3802683252538,2,0
4753,13.3651722014227,1,1
7401,4.255479334672949,2,0
7303,5.117634766134582,1,1
1371,1.5751925405024578,2,0
5742,6.372573664925673,3,0
6770,2.217526089446091,1,0
3396,2.5638860021156566,3,0
1828,2.1761211850616204,1,0
1558,6.380813497825607,1,1
9372,7.777775082580363,2,0
2231,4.090215471998998,2,1
6223,5.07245742983151,2,1
8937,6.712565482807818,1,0
4625,5.861549380039387,1,1
4285,10.05266350171017,2,0
375,4.0292264963546325,1,0
299,2.1443553177268915,0,1
5391,1.6428347814297575,3,1
127,7.165533362293942,2,1
1802,2.205052775325021,2,1
6104,5.107935081373249,2,1
9224,0.5567323928914683,1,0
1797,2.664098860591495,1,0
1186,5.4049533888924195,1,0
8554,4.4776856794445985,1,1
3157,6.2488149053475075,2,0
2394,3.7688674165819065,2,1
6867,1.923572216453577,3,1
8069,11.631298841988755,2,0
9970,12.617649414228485,1,0
6292,6.471007801289586,1,1
3262,7.12560600584775,2,1
4349,6.662128432279576,1,0
9202,10.23455140493515,0,0
2785,7.0927864454864,1,1
9981,14.370290967351137,1,1
2795,4.4825013087330134,1,0
5710,1.5647199648561,1,0
938,7.330473266137329,1,1
6091,5.063273045882039,1,0
3379,5.594365607656086,2,0
5423,5.917751554346063,1,1
8397,1.0473825352392114,1,1
3451,7.086335186932931,2,1
4526,5.9877500011228815,3,0
3096,5.452158369401764,1,0
8716,2.1106593177874524,0,0
1095,7.838330233347664,1,1
1731,11.940870919165418,2,1
11,6.31849691204449,3,0
4885,0.7025682668760268,2,1
2885,15.48713535230663,2,1
5757,4.344076238478271,2,0
4089,8.681508123630058,2,0
7125,0.5893743495978133,2,0
8123,4.882447042955771,2,0
989,14.104473809237016,2,1
2748,13.000879298190586,3,0
7919,5.6037174574488295,1,0
5401,4.1947997908706585,2,0
7511,2.1966246505494427,2,0
8370,5.710403779864403,1,0
3701,0.7172056053323099,1,1
7034,5.605924627715028,3,0
5370,10.248208064137945,1,0
7826,1.0317501595310614,3,0
6234,6.960370098140299,1,0
8136,4.172407930437217,1,0
3467,8.458500126126378,1,0
3051,7.119896532163038,3,1
9416,3.282147274999971,2,0
9939,5.939352565400674,3,1
7037,1.1946459997173065,1,1
8086,2.340039979126476,2,0
40,8.753265570089768,1,1
3854,6.349104332086103,2,0
1790,9.904759754754778,3,1
9695,10.255311046059784,1,0
5626,6.440133985550727,1,0
8253,8.540985626530192,1,1
3168,5.444854895340299,3,1
401,1.451195243063694,2,1
7998,6.295656222912918,2,1
6282,4.9228353974241505,1,0
6932,2.303653527351358,1,0
3474,9.375801385236487,3,1
142,5.657457559806405,1,1
9102,17.75746052614526,1,0
2666,9.497390145598715,2,0
3886,11.296106201263754,2,1
1142,8.824723825474251,2,1
8780,2.094945771320382,2,0
579,11.934552069022542,1,1
3370,2.27219113095412,1,0
5190,2.178104991896821,1,1
682,7.413159141035962,1,0
4905,2.308347136616802,2,0
2319,1.854673072464049,1,0
6972,14.04560920758123,2,1
5992,18.985850943885207,1,0
6955,5.571311448343291,3,0
9468,4.378894940716464,2,1
2710,3.589191419580409,3,1
6451,6.1416566670577915,2,0
9138,5.424101620176925,2,0
8415,5.1739436610598055,1,1
1770,5.752018241888798,2,0
6053,1.2354874403701692,2,0
6648,3.1704326493775365,1,0
7532,4.725205444127951,0,0
2978,9.023099829970924,1,0
2887,1.788629687701801,1,1
1595,2.0792794008071063,3,1
2685,9.64849847217203,0,0
3306,7.285346874117769,2,1
2077,17.811908007224076,2,0
6536,15.053045598210593,1,1
1587,3.111902946100354,1,1
1959,6.2134498069798685,1,1
8403,4.096505602453645,2,1
9165,4.494999585166876,1,0
4594,4.2656236177776865,2,1
1949,1.6923557985562023,2,0
2408,5.026564966687811,2,1
5986,12.811982861954768,1,0
4291,3.451203962432622,2,0
5856,8.448048439871888,2,0
2036,5.724504562177751,2,0
7329,4.17849749505343,2,0
4515,5.428824860238057,1,0
8455,1.551873532426963,0,1
3374,7.001821336418904,1,1
1551,1.4726819589174822,3,0
9401,5.065763649300194,2,0
3958,5.050814960309145,1,1
1818,0.9629412036699362,2,1
158,14.261456438797886,0,1
1954,8.117455860743137,1,0
4755,11.63990276411628,1,1
9957,3.5957614347921334,1,1
8177,16.820829811191796,2,1
4140,5.789303995790067,3,1
9977,15.276920314765496,2,0
5444,5.917998950806237,1,0
9482,2.5927113446389503,2,0
4378,8.813921592486423,2,0
3384,16.29029191832544,2,0
4775,4.74330323361691,2,0
3739,5.537632895361124,1,1
152,10.159429149599003,0,0
5839,9.354451359670296,2,1
5926,1.1599312212376272,3,1
5152,8.01833292271441,1,0
2349,5.861475020581146,1,1
7237,11.563028928711688,2,0
87,5.7497152313328375,1,0
5674,8.86150059596561,2,1
4886,3.82355878441783,3,1
546,6.885822324956468,2,1
4447,5.034154906954361,0,1
7418,11.302174164086983,1,0
1759,7.17469026020852,1,1
7168,5.088148126625048,2,1
3227,6.520233478786441,1,0
2089,7.057651924456733,2,0
9008,8.221260819785027,1,1
7671,3.550459281487966,1,1
8504,10.568387267204606,1,0
3682,13.62127655509764,2,0
6307,5.174177259485495,2,1
5495,3.5470838718496154,1,1
2906,6.13103697984544,0,0
8605,1.2696024406185202,2,1
1740,2.6296150035652266,1,1
6185,10.088234008409163,3,0
5082,2.9434215446597176,3,0
9214,5.09158521082626,3,1
6183,4.797609923559921,1,0
3621,3.990402111988545,1,0
3727,8.748616794556012,3,1
7517,8.680561216765945,0,1
7979,1.7403866584457255,0,0
1931,16.7633462650606,1,1
1424,5.239261386474456,3,1
1646,3.000370968013048,1,1
8365,6.787143367921535,2,0
8220,3.827551613532414,0,0
1189,5.099688121544899,3,1
5824,2.6899945232138878,2,0
7894,2.3576655760180163,3,0
644,4.655684270903029,1,1
2288,14.308058237145865,1,1
7277,3.415177666735303,2,1
1265,3.240408786581514,2,1
1295,8.664226280460461,2,0
1463,6.13883431897079,1,1
7946,7.291744779932097,3,1
5591,2.7527379235105682,2,1
4443,1.045626992404344,1,1
6162,2.1613607397312977,1,0
309,0.930834166477088,1,0
7702,4.704292399051381,1,0
9541,3.623522450587446,1,0
4568,19.378971263015238,2,0
1362,2.437339913158676,2,1
7537,8.131807350365674,2,1
7392,12.908491217120524,2,0
3066,3.714635297155429,2,0
722,8.274469568600729,3,0
8659,2.899225148572468,1,1
9195,3.015829404507973,0,1
6949,2.58750272002271,0,0
8741,7.282885366657917,1,0
5320,11.847402255351222,2,1
7245,17.151543440482374,2,1
8513,5.392593137986367,2,0
6404,0.47630022998241905,1,1
6618,7.200945674324676,3,0
5366,1.624313084998276,2,1
7139,17.73222165804117,3,1
4849,7.080646045043474,1,1
6610,9.080215781473695,1,1
1355,4.254672095777412,2,1
5590,7.573147007266311,2,0
5150,2.0256548969930352,2,0
1844,7.4692088954776485,2,1
7873,1.6915366239090326,0,1
1951,1.9335409038190456,1,0
3263,4.671668937763338,2,0
7740,4.070599342356058,2,0
5172,15.172850798790403,1,1
5429,5.321836454508887,0,0
3030,14.295358489588757,2,1
3989,8.376132890077253,3,0
9273,1.2325784577443635,2,1
4583,2.4363859038692612,1,0
7961,4.962367258297045,3,1
7076,2.9530612058708283,2,0
9434,0.9897899707610128,1,1
2965,5.355060181570156,0,1
6011,1.74054526809384,1,1
